41000
18467000
6334000
26500000
19169000
15724000
11478000
29358000
26962000
24464000
5705000
28145000
23281000
16827000
9961000
491000
2995000
11942000
4827000
5436000
32391000
14604000
3902000
153000
292000
12382000
17421000
18716000
19718000
19895000
5447000
21726000
14771000
11538000
1869000
19912000
25667000
26299000
17035000
9894000
28703000
23811000
31322000
30333000
17673000
4664000
15141000
7711000
28253000
6868000
25547000
27644000
32662000
32757000
20037000
12859000
8723000
9741000
27529000
778000
12316000
3035000
22190000
1842000
288000
30106000
9040000
8942000
19264000
22648000
27446000
23805000
15890000
6729000
24370000
15350000
15006000
31101000
24393000
3548000
19629000
12623000
24084000
19954000
18756000
11840000
4966000
7376000
13931000
26308000
16944000
32439000
24626000
11323000
5537000
21538000
16118000
2082000
22929000
16541000
4833000
31115000
4639000
29658000
22704000
9930000
13977000
2306000
31673000
22386000
5021000
28745000
26924000
19072000
6270000
5829000
26777000
15573000
5097000
16512000
23986000
13290000
9161000
18636000
22355000
24767000
23655000
15574000
4031000
12052000
27350000
1150000
16941000
21724000
13966000
3430000
31107000
30191000
18007000
11337000
15457000
12287000
27753000
10383000
14945000
8909000
32209000
9758000
24221000
18588000
6422000
24946000
27506000
13030000
16413000
29168000
900000
32591000
18762000
1655000
17410000
6359000
27624000
20537000
21548000
6483000
27595000
4041000
3602000
24350000
10291000
30836000
9374000
11020000
4596000
24021000
27348000
23199000
19668000
24484000
8281000
4734000
53000
1999000
26418000
27938000
6900000
3788000
18127000
467000
3728000
14893000
24648000
22483000
17807000
2421000
14310000
6617000
22813000
9514000
14309000
7616000
18935000
17451000
20600000
5249000
16519000
31556000
22798000
30303000
6224000
11008000
5844000
32609000
14989000
32702000
3195000
20485000
3093000
14343000
30523000
1587000
29314000
9503000
7448000
25200000
13458000
6618000
20580000
19796000
14798000
15281000
19589000
20798000
28009000
27157000
20472000
23622000
18538000
12292000
6038000
24179000
18190000
29657000
7958000
6191000
19815000
22888000
19156000
11511000
16202000
2634000
24272000
20055000
20328000
22646000
26362000
4886000
18875000
28433000
29869000
20142000
23844000
1416000
21881000
31998000
10322000
18651000
10021000
5699000
3557000
28476000
27892000
24389000
5075000
10712000
2600000
2510000
21003000
26869000
17861000
14688000
13401000
9789000
15255000
16423000
5002000
10585000
24182000
10285000
27088000
31426000
28617000
23757000
9832000
30932000
4169000
2154000
25721000
17189000
19976000
31329000
2368000
28692000
21425000
10555000
3434000
16549000
7441000
9512000
30145000
18060000
21718000
3753000
16139000
12423000
16279000
25996000
16687000
12529000
22549000
17437000
19866000
12949000
193000
23195000
3297000
20416000
28286000
16105000
24488000
16282000
12455000
25734000
18114000
11701000
31316000
20671000
5786000
12263000
4313000
24355000
31185000
20053000
912000
10808000
1832000
20945000
4313000
27756000
28321000
19558000
23646000
27982000
481000
4144000
23196000
20222000
7129000
2161000
5535000
20450000
11173000
10466000
12044000
21659000
26292000
26439000
17253000
20024000
26154000
29510000
4745000
20649000
13186000
8313000
4474000
28022000
2168000
14018000
18787000
9905000
17958000
7391000
10202000
3625000
26477000
4414000
9314000
25824000
29334000
25874000
24372000
20159000
11833000
28070000
7487000
28297000
7518000
8177000
17773000
32270000
1763000
2668000
17192000
13985000
3102000
8480000
29213000
7627000
4802000
4099000
30527000
2625000
1543000
1924000
11023000
29972000
13061000
14181000
31003000
27432000
17505000
27593000
22725000
13031000
8492000
142000
17222000
31286000
13064000
7900000
19187000
8360000
22413000
30974000
14270000
29170000
235000
30833000
19711000
25760000
18896000
4667000
7285000
12550000
140000
13694000
2695000
21624000
28019000
2125000
26576000
21694000
22658000
26302000
17371000
22466000
4678000
22593000
23851000
25484000
1018000
28464000
21119000
23152000
2800000
18087000
31060000
1926000
9010000
4757000
32170000
20315000
9576000
30227000
12043000
22758000
7164000
5109000
7882000
17086000
29565000
3487000
29577000
14474000
2625000
25627000
5629000
31928000
25423000
28520000
6902000
14962000
123000
24596000
3737000
13261000
10195000
32525000
1264000
8260000
6202000
8116000
5030000
20326000
29011000
30771000
6411000
25547000
21153000
21520000
29790000
14924000
30188000
21763000
4940000
20851000
18662000
13829000
30900000
17713000
18958000
17578000
8365000
13007000
11477000
1200000
26058000
6439000
2303000
12760000
19357000
2324000
6477000
5108000
21113000
14887000
19801000
22850000
14460000
22428000
12993000
27384000
19405000
6540000
31111000
28704000
12835000
32356000
6072000
29350000
18823000
14485000
20556000
23216000
1626000
9357000
8526000
13357000
29337000
23271000
23869000
29361000
12896000
13022000
29617000
10112000
12717000
18696000
11585000
24041000
24423000
24129000
24229000
4565000
6559000
8932000
22296000
29855000
12053000
16962000
3584000
29734000
6654000
16972000
21457000
14369000
22532000
2963000
2607000
2483000
911000
11635000
10067000
22848000
4675000
12938000
2223000
22142000
23754000
6511000
22741000
20175000
21459000
17825000
3221000
17870000
1626000
31934000
15205000
31783000
23850000
17398000
22279000
22701000
12193000
12734000
1637000
26534000
5556000
1993000
10176000
25705000
6962000
10548000
15881000
300000
14413000
16641000
19855000
24855000
13142000
11462000
27611000
30877000
20424000
32678000
1752000
18443000
28296000
12673000
10040000
9313000
875000
20072000
12818000
610000
1017000
14932000
28112000
30695000
13169000
23831000
20040000
26488000
28685000
19090000
19497000
2589000
25990000
15145000
19353000
19314000
18651000
26740000
22044000
11258000
335000
8759000
11192000
7605000
25264000
12181000
28503000
3829000
23775000
20608000
29292000
5997000
17549000
29556000
25561000
31627000
6467000
29541000
26129000
31240000
27813000
29174000
20601000
6077000
20215000
8683000
8213000
23992000
25824000
5601000
23392000
15759000
2670000
26428000
28027000
4084000
10075000
18786000
15498000
24970000
6287000
23847000
32604000
503000
21221000
22663000
5706000
2363000
9010000
22171000
27489000
18240000
12164000
25542000
7619000
20913000
7591000
6704000
31818000
9232000
750000
25205000
4975000
1539000
303000
11422000
21098000
11247000
13584000
13648000
2971000
17864000
22913000
11075000
21545000
28712000
17546000
18678000
1769000
15262000
8519000
13985000
28289000
15944000
2865000
18540000
23245000
25508000
28318000
27870000
9601000
28323000
21132000
24472000
27152000
25087000
28570000
29763000
29901000
17103000
14423000
3527000
11600000
26969000
14015000
5565000
28000
21543000
25347000
2088000
2943000
12637000
22409000
26463000
5049000
4681000
1588000
11342000
608000
32060000
21221000
1758000
29954000
20888000
14146000
690000
7949000
12843000
21430000
25620000
748000
27067000
4536000
20783000
18035000
32226000
15185000
7038000
9853000
25629000
11224000
15748000
19923000
3359000
32257000
24766000
4944000
14955000
23318000
32726000
25411000
21025000
20355000
31001000
22549000
9496000
18584000
9515000
17964000
23342000
8075000
17913000
16142000
31196000
21948000
25072000
20426000
14606000
26173000
24429000
32404000
6705000
20626000
29812000
19375000
30093000
16565000
16036000
14736000
29141000
30814000
5994000
8256000
6652000
23936000
30838000
20482000
1355000
21015000
1131000
18230000
17841000
14625000
2011000
32637000
4186000
19690000
1650000
5662000
21634000
10893000
10353000
21416000
13452000
14008000
7262000
22233000
5454000
16303000
16634000
26303000
14256000
148000
11124000
12317000
4213000
27109000
24028000
29200000
21080000
21318000
16858000
24050000
24155000
31361000
15264000
11903000
3676000
29643000
26909000
14902000
3561000
28489000
24948000
1282000
13653000
30674000
2220000
5402000
6923000
3831000
19369000
3878000
20259000
19008000
22619000
23971000
30003000
21945000
9781000
26504000
12392000
32685000
25313000
6698000
5589000
12722000
5938000
19037000
6410000
31461000
6234000
12508000
9961000
3959000
6493000
1515000
25269000
24937000
28869000
58000
14700000
13971000
26264000
15117000
16215000
24555000
7815000
18330000
3039000
30212000
29288000
28082000
1954000
16085000
20710000
24484000
24774000
8380000
29815000
25951000
6541000
18115000
1679000
17110000
25898000
23073000
788000
23977000
18132000
29956000
28689000
26113000
10008000
12941000
15790000
1723000
21363000
28000
25184000
24778000
7200000
5071000
1885000
21974000
1071000
11333000
22867000
26153000
14295000
32168000
20825000
9676000
15629000
28650000
2598000
3309000
4693000
4686000
30080000
10116000
12249000
