266670000
15280000
266790000
78640000
294210000
84050000
88260000
68160000
75160000
277260000
286660000
290870000
276810000
199640000
13400000
56860000
60210000
116620000
147210000
60640000
293090000
204150000
179020000
298730000
171240000
239410000
327450000
317620000
284230000
275310000
48060000
122680000
93180000
56020000
319070000
243070000
234810000
10120000
211360000
266300000
241140000
268090000
40840000
235560000
122900000
212930000
299960000
291520000
10540000
253450000
147080000
2480000
74910000
137120000
51310000
301140000
164390000
79580000
247220000
297040000
69950000
10520000
252690000
74790000
182380000
264230000
279180000
108660000
176590000
324980000
284860000
211960000
74620000
266330000
121580000
120220000
11460000
183920000
130370000
39250000
106470000
294580000
66020000
308070000
40980000
278300000
292920000
146000000
72780000
207990000
183520000
204480000
138820000
5400000
283150000
45750000
87620000
95670000
223360000
183970000
314180000
198970000
258280000
138510000
268160000
242300000
44490000
169250000
6580000
2290000
245200000
109400000
295600000
151470000
251620000
16550000
206750000
7920000
223610000
317540000
163980000
231460000
87140000
269460000
211880000
195690000
86380000
276630000
150750000
245150000
115210000
4750000
156150000
205280000
132340000
125700000
9050000
94640000
195570000
289620000
141610000
305240000
125490000
174690000
3300000
319230000
283500000
143330000
229250000
109100000
197370000
163360000
183370000
12780000
123930000
76360000
307140000
281640000
315910000
199490000
191350000
25050000
133370000
100040000
163370000
26230000
286640000
99700000
256080000
305680000
192810000
70850000
91520000
183730000
286520000
81940000
98760000
238260000
283960000
75720000
62490000
146400000
291740000
188190000
9430000
326110000
19410000
202890000
84190000
55650000
38050000
75850000
162160000
314500000
16150000
26090000
110640000
91660000
168930000
160740000
135090000
303000000
196950000
95730000
155890000
131610000
311720000
179680000
273580000
260310000
262680000
194260000
285100000
104220000
307740000
87790000
309100000
235520000
41820000
253910000
154950000
57640000
8740000
13640000
149020000
282550000
44600000
4740000
69720000
268210000
261220000
255470000
215770000
97890000
256050000
301950000
275940000
79500000
163430000
7540000
24810000
10120000
116720000
234390000
134280000
59120000
97620000
59670000
244080000
44150000
19080000
172230000
117590000
264340000
52040000
294860000
43190000
9580000
59450000
268060000
81660000
187000000
113670000
176920000
217870000
285320000
305560000
309740000
34470000
50210000
182830000
262220000
293310000
23760000
285830000
269480000
127230000
179820000
220180000
147760000
92200000
311110000
321820000
238560000
194900000
89250000
43240000
64860000
196770000
159690000
116430000
75340000
156770000
226680000
310680000
219910000
321960000
77830000
168280000
77270000
294260000
158710000
106970000
176120000
187030000
110270000
114080000
55450000
95080000
71850000
302380000
242370000
264430000
213130000
225010000
88500000
251280000
21110000
236500000
281490000
111920000
14540000
158690000
6810000
274650000
202670000
177130000
197930000
186340000
254720000
209720000
228300000
249010000
284420000
51770000
138770000
257700000
7020000
143640000
13810000
165900000
88230000
22370000
80230000
321790000
165950000
201690000
23270000
120420000
313100000
281820000
110580000
79260000
94870000
16700000
325280000
56510000
22580000
72130000
98600000
257830000
212860000
27420000
86100000
44720000
71280000
184340000
58410000
207180000
35030000
148670000
248650000
109380000
18810000
92570000
227500000
286140000
185980000
284580000
26610000
260630000
327560000
208070000
202780000
194890000
194350000
63650000
320750000
75860000
13860000
78330000
83600000
133300000
260480000
89280000
294920000
124330000
238400000
67660000
17350000
198100000
115990000
118370000
218920000
319820000
73280000
293520000
113690000
312440000
217940000
66080000
92520000
116470000
174320000
95350000
72080000
32640000
34970000
232430000
276490000
220150000
268410000
1890000
161000000
198120000
306480000
95230000
198510000
244740000
286330000
298910000
272000000
198540000
99900000
256970000
49190000
177800000
225780000
129310000
325440000
33400000
134870000
8990000
225250000
84830000
55380000
74920000
61930000
282520000
250110000
15600000
158340000
18400000
314970000
27850000
185290000
315400000
188050000
287910000
133920000
132100000
135490000
215780000
269790000
309710000
92770000
730000
201930000
16200000
214970000
138260000
312760000
197900000
65820000
135780000
111590000
204180000
264890000
1590000
34490000
129240000
90720000
103800000
270080000
279670000
102080000
64770000
185030000
153700000
326070000
141960000
120740000
137220000
126110000
190190000
287610000
110560000
128900000
311630000
166830000
137160000
199320000
254520000
27410000
49540000
68130000
28620000
103960000
154600000
206150000
109040000
25990000
201360000
46800000
91980000
270320000
143870000
325840000
72400000
35170000
170060000
86700000
2410000
188820000
252490000
35230000
317580000
121050000
296210000
170950000
72960000
99160000
156780000
101780000
135790000
250580000
275770000
127500000
140070000
237290000
240810000
29950000
26780000
246760000
277530000
208990000
117840000
155650000
30930000
136080000
61720000
112430000
299290000
75140000
101680000
50550000
111910000
59730000
89220000
67480000
56510000
109860000
21440000
164460000
315770000
265170000
146290000
299160000
58740000
157910000
154690000
229120000
81460000
306930000
90910000
98150000
269490000
268570000
206400000
260520000
2360000
85510000
94870000
312260000
281620000
169550000
231830000
83940000
301800000
160970000
30650000
270650000
25130000
92610000
125780000
210780000
168780000
141400000
46110000
319470000
24450000
1700000
299750000
134890000
247500000
61490000
33330000
138650000
222140000
172820000
270070000
274320000
88960000
163670000
285220000
48820000
318100000
176410000
72310000
21870000
67050000
64790000
63210000
65380000
313510000
194470000
242080000
96460000
222760000
257590000
301890000
304220000
276660000
84860000
34550000
20280000
296140000
48600000
292530000
117770000
313480000
125030000
108610000
224310000
290820000
124550000
141970000
221060000
87520000
158210000
172960000
262810000
260210000
244550000
159470000
271240000
183180000
91350000
113760000
17740000
298590000
249980000
120740000
92530000
69220000
106350000
16430000
288880000
81530000
132320000
47470000
286800000
199260000
256780000
64500000
148010000
249610000
141990000
208550000
263630000
57160000
105730000
315610000
232450000
64730000
282740000
15500000
243530000
11810000
42870000
26990000
181100000
186430000
174650000
71720000
25290000
99810000
21120000
134760000
43810000
82470000
268900000
166710000
88050000
323720000
300320000
39890000
93200000
231650000
154310000
96580000
112930000
172060000
265780000
169480000
22060000
271710000
181660000
33960000
166970000
310200000
236940000
155290000
147880000
301090000
179840000
119690000
289780000
216170000
40150000
166260000
36840000
91680000
179060000
259280000
120970000
281180000
243900000
151990000
117850000
144860000
191990000
124200000
207100000
182710000
158130000
274150000
60850000
3180000
35800000
13310000
72670000
83870000
134440000
231860000
145070000
43600000
178270000
280740000
264310000
71520000
302710000
102680000
46930000
198850000
3370000
313110000
176040000
126770000
4060000
77680000
290220000
194130000
50000000
5420000
175370000
300380000
213880000
73550000
132890000
316470000
31810000
130930000
165840000
109870000
107610000
204930000
82170000
95010000
174820000
294470000
156650000
107530000
221040000
150840000
190950000
135250000
302210000
39640000
217810000
48720000
81060000
36560000
33430000
225930000
270800000
160800000
148680000
214110000
137130000
209680000
32510000
272160000
120790000
287680000
170400000
315310000
129330000
237790000
206630000
122590000
266530000
279360000
20950000
243650000
118740000
77200000
268350000
256800000
89760000
184550000
57250000
40710000
248080000
135590000
91560000
56020000
178320000
79050000
104400000
73750000
215620000
228850000
219620000
210800000
18360000
107970000
312020000
105080000
100800000
53400000
120760000
90580000
314930000
77400000
85460000
204740000
247730000
190970000
88800000
233350000
110720000
234000000
7070000
229550000
206660000
41410000
235880000
124810000
171680000
283150000
193960000
162250000
10090000
220120000
181360000
114550000
187620000
250430000
7420000
210000
179220000
245120000
92480000
260180000
273680000
237170000
97140000
176500000
132900000
33350000
127590000
31690000
218950000
53030000
226400000
219790000
241990000
291050000
247910000
186610000
86810000
36520000
87530000
240330000
320290000
159870000
70420000
262530000
200830000
114200000
158140000
327180000
122440000
310630000
72290000
206520000
188640000
47690000
304700000
150050000
210470000
15940000
214870000
243260000
32760000
213230000
65400000
76790000
239900000
325880000
247100000
292710000
179450000
292210000
284700000
201830000
235890000
239550000
49780000
247790000
50060000
132620000
201350000
234870000
271960000
290330000
20880000
129350000
197790000
159930000
147900000
249620000
189650000
110010000
191050000
118070000
245670000
26690000
31340000
326710000
14570000
129980000
35450000
135970000
142180000
88380000
148440000
73720000
85630000
210280000
292640000
288010000
147230000
134900000
76040000
316010000
242270000
111970000
236920000
197710000
203630000
293010000
223630000
77210000
35650000
174210000
234450000
186100000
4950000
167410000
150220000
318120000
291510000
230150000
80550000
33930000
87380000
152790000
198820000
16080000
126540000
38220000
327070000
242450000
13380000
1440000
222900000
313390000
231540000
246040000
46230000
222250000
200780000
217240000
319810000
23300000
297330000
282230000
205940000
291300000
188460000
49870000
294450000
188050000
86160000
57500000
204890000
273380000
219630000
281350000
146970000
322090000
216300000
232240000
19080000
267370000
244740000
319200000
273720000
102930000
38550000
67340000
95610000
310560000
276060000
81840000
70750000
283820000
141190000
67410000
304320000
246840000
127790000
122790000
182830000
206670000
308360000
241250000
241180000
127370000
180280000
321190000
205770000
107370000
140910000
205560000
227950000
160600000
219010000
87930000
34320000
21360000
45800000
148750000
59070000
211840000
280740000
87190000
267900000
204760000
300410000
33510000
83290000
162900000
229740000
230720000
35910000
121890000
157870000
314900000
32390000
148930000
30530000
170630000
106810000
259030000
270050000
241760000
184790000
16950000
61390000
324680000
139980000
210830000
236390000
295150000
276210000
299930000
158260000
157220000
238380000
248280000
125810000
243990000
89780000
118910000
10230000
269430000
248340000
142430000
73490000
27020000
87070000
205020000
251410000
106870000
83460000
158910000
246370000
184130000
114000000
228160000
316900000
131620000
89350000
291260000
194100000
198770000
113820000
262600000
271890000
267050000
138740000
26630000
207220000
321950000
225660000
163600000
60380000
185880000
78110000
282450000
94670000
324250000
268670000
131890000
105420000
130630000
215470000
305020000
296170000
90990000
250230000
172260000
312030000
300480000
210510000
15700000
86360000
94580000
259670000
84560000
94050000
115310000
299620000
268190000
79750000
105560000
75310000
314950000
80440000
305910000
268030000
33880000
189150000
74500000
123190000
62720000
257910000
293830000
101330000
17750000
246420000
235690000
183000000
179540000
120780000
35850000
22570000
253330000
8930000
104900000
101030000
47500000
172330000
107220000
242710000
196110000
189900000
303380000
216410000
232580000
190470000
23520000
96580000
4790000
253020000
326830000
189900000
100020000
155680000
44220000
168950000
61350000
180080000
123610000
167420000
221940000
236990000
231880000
201780000
40420000
313570000
239410000
18470000
74690000
163450000
43800000
319130000
149640000
257100000
200610000
253850000
200730000
275040000
94620000
327030000
281020000
110690000
51540000
35290000
315520000
320740000
191490000
37300000
22440000
108440000
130490000
141180000
240650000
263630000
195520000
287730000
184700000
297310000
67470000
75110000
58690000
143980000
104980000
71030000
273520000
256790000
280530000
130430000
145220000
310880000
15630000
258340000
98500000
170220000
72400000
219110000
94920000
56510000
285800000
154770000
276160000
298760000
191780000
52200000
146150000
223480000
267980000
321790000
316350000
168570000
28830000
16620000
189020000
282620000
194200000
197700000
190220000
92730000
258410000
126860000
288880000
39170000
317170000
18920000
136980000
112670000
117490000
650000
103890000
69320000
256190000
160810000
20030000
291300000
130280000
186310000
145890000
231520000
186300000
191720000
198640000
64070000
122950000
254280000
296810000
184900000
266100000
261770000
310710000
252360000
64590000
206430000
168400000
276330000
270370000
238930000
226300000
202740000
129930000
287820000
322030000
174610000
82900000
196620000
223070000
209970000
311510000
184230000
88900000
167170000
66400000
287030000
55660000
48830000
236610000
226590000
182450000
203860000
326510000
327650000
196010000
168400000
172090000
14970000
272830000
292500000
180580000
84210000
1750000
305810000
267870000
32710000
42870000
279990000
125040000
249790000
21380000
107000000
5300000
24610000
121180000
2050000
75400000
188280000
244590000
116220000
143980000
37600000
270980000
129350000
104810000
306140000
195670000
184930000
285960000
191610000
77460000
105380000
76700000
205380000
214760000
215550000
249170000
163710000
167600000
57520000
137580000
154330000
322550000
290650000
7260000
24010000
30340000
127590000
103930000
305480000
272730000
187920000
161930000
129330000
301370000
171030000
36900000
282110000
136940000
246680000
326270000
74980000
9890000
152480000
38790000
116470000
111490000
309310000
6690000
308750000
255980000
254490000
254360000
245990000
201230000
14430000
17310000
181540000
228610000
44340000
93850000
239670000
108160000
113930000
167040000
298660000
309530000
303080000
282230000
186840000
307920000
226670000
100480000
324690000
139300000
308110000
198140000
160900000
54270000
237430000
16040000
105990000
164740000
71950000
5060000
51580000
175890000
98580000
278090000
178890000
114470000
400000
38180000
93640000
179750000
260000
250890000
25030000
300660000
264120000
68400000
125700000
146760000
253950000
286410000
299860000
176510000
211090000
81870000
200830000
210850000
233900000
312500000
186860000
47550000
113810000
281280000
255020000
242770000
308620000
264240000
35650000
38720000
8320000
308850000
144280000
66460000
208890000
64780000
108830000
249250000
212650000
312600000
50450000
207780000
58210000
138550000
25200000
129270000
247730000
251340000
272510000
226750000
133360000
163340000
210010000
27370000
93100000
59740000
75900000
203560000
10710000
320800000
109350000
321450000
172820000
18250000
187180000
135730000
47120000
130370000
49980000
99050000
71620000
17170000
86920000
195390000
280470000
109460000
191030000
302310000
241150000
8390000
258580000
208290000
26450000
33940000
171990000
196450000
142720000
6750000
218620000
320720000
137730000
24800000
112380000
268970000
35420000
296080000
192030000
232770000
61250000
201340000
14010000
90780000
183820000
201690000
207360000
274780000
179390000
211380000
187210000
314260000
106630000
16770000
215750000
67240000
259810000
277000000
79610000
288620000
160020000
184480000
250950000
6840000
240160000
151370000
95070000
139930000
212840000
29440000
302590000
8210000
70580000
246430000
176680000
106770000
1190000
298570000
230410000
88910000
252640000
16230000
69150000
80720000
179290000
8410000
47150000
176150000
125360000
149570000
277590000
7000000
134520000
50930000
242410000
118290000
124480000
52270000
117980000
162240000
103240000
122740000
181330000
228850000
150380000
121700000
68620000
326290000
50840000
119090000
148780000
69230000
270850000
294000000
230240000
141930000
231050000
94120000
157650000
57670000
154070000
106770000
137840000
7040000
147900000
98340000
108910000
6210000
180850000
277340000
251900000
205420000
179980000
220860000
320180000
156210000
304240000
225970000
213760000
242540000
296690000
181080000
129270000
124930000
260680000
63660000
91020000
24380000
126000000
108190000
143180000
22900000
149840000
163390000
25560000
258080000
46320000
214780000
268140000
137870000
72390000
280740000
250200000
108270000
25540000
19880000
74410000
167980000
136420000
190020000
163210000
301040000
139460000
70560000
185090000
298330000
177080000
197610000
65330000
206860000
148040000
263850000
101420000
188420000
172600000
221610000
316200000
43430000
95780000
11870000
1130000
130630000
45910000
59340000
204150000
6560000
297610000
250120000
284110000
119590000
162510000
187380000
133700000
261240000
55070000
80070000
175840000
109510000
231010000
144890000
249580000
154410000
17900000
170130000
304120000
148550000
210600000
70930000
84720000
254020000
326760000
135430000
73730000
62660000
276510000
152750000
215280000
5320000
107610000
54690000
325030000
327290000
171070000
278920000
24510000
179530000
283920000
225700000
135190000
194720000
234070000
224940000
95050000
284400000
203830000
142620000
214090000
286070000
180380000
43600000
54710000
111710000
206540000
299470000
115140000
145230000
212290000
4890000
67660000
178870000
297560000
266320000
74700000
257390000
206660000
85220000
72830000
81600000
175530000
247050000
270910000
12590000
253860000
316870000
46290000
420000
283170000
220450000
123560000
133880000
254520000
31540000
304660000
118330000
277600000
269190000
256310000
67380000
212670000
257760000
210980000
243140000
163200000
130530000
240070000
164690000
242160000
97220000
198420000
290070000
154630000
262600000
309470000
137930000
286300000
187170000
230430000
313760000
253140000
166260000
171170000
13340000
206200000
141710000
267920000
89640000
191540000
188660000
146930000
306640000
237750000
130000000
122120000
211000000
75510000
254760000
63790000
109430000
178770000
37890000
3610000
113850000
82720000
114340000
151440000
295610000
255630000
145040000
129460000
238880000
203080000
121570000
14300000
51230000
64640000
40740000
43460000
138370000
19810000
253180000
266110000
162920000
175910000
38320000
271230000
64610000
169910000
314610000
273300000
284980000
173690000
172910000
84000000
141790000
241170000
23170000
199140000
15950000
14410000
59360000
218670000
70280000
314530000
279090000
139730000
179810000
115030000
265690000
68160000
18830000
253670000
53850000
284020000
52300000
171570000
286810000
155670000
83100000
18660000
36870000
131710000
34770000
312450000
327640000
62380000
276710000
20470000
261150000
45920000
273110000
326570000
14050000
530000
71710000
205800000
227400000
225300000
136750000
243200000
257900000
133770000
109980000
165860000
216040000
44890000
196310000
297440000
83880000
266100000
187180000
269190000
182590000
59270000
146090000
281190000
214790000
227160000
63000000
213960000
168530000
114580000
208300000
245930000
308060000
298490000
148540000
242720000
261600000
122940000
120540000
263330000
1460000
42290000
104710000
104280000
105590000
222410000
294210000
226880000
163660000
120330000
266850000
22700000
253290000
322610000
228600000
22080000
89820000
221620000
325060000
68780000
119790000
18970000
78870000
65380000
144690000
307830000
175400000
227950000
72660000
186330000
135090000
245570000
23170000
261340000
320530000
181350000
122580000
25930000
178430000
216930000
164660000
229510000
181400000
110940000
129370000
51740000
25120000
60970000
95510000
26950000
218170000
234920000
212920000
202370000
275300000
6130000
252960000
217100000
323890000
56280000
58090000
287860000
317440000
188400000
81820000
285690000
61200000
273930000
62920000
149620000
142140000
125270000
268070000
131940000
87050000
147130000
70110000
189130000
66930000
196640000
262030000
289950000
177620000
143810000
269460000
299090000
10480000
217680000
266240000
225110000
79540000
42350000
11270000
146330000
282400000
18620000
151270000
275770000
238170000
23400000
101420000
151000000
284000000
65580000
214760000
31540000
109350000
164300000
58310000
212950000
35370000
156230000
179220000
29270000
280290000
302110000
162110000
117540000
268800000
122530000
32930000
213210000
207850000
265280000
104430000
310000000
105550000
246710000
92700000
74520000
93750000
146310000
136400000
89340000
180400000
79860000
288340000
142480000
15390000
287650000
127960000
103120000
72620000
250520000
307310000
239870000
244640000
325570000
142480000
295560000
201700000
54500000
271820000
73010000
132930000
240990000
233320000
190440000
323310000
750000
310040000
190500000
150260000
140660000
117380000
198010000
196230000
138430000
4410000
33800000
196950000
79180000
36590000
13630000
126280000
63290000
10880000
288540000
86130000
249790000
185690000
6660000
76790000
275770000
278370000
34020000
231150000
232920000
17230000
28720000
294480000
303230000
111530000
159480000
243950000
251970000
45080000
229080000
174110000
139930000
76650000
267810000
32020000
176100000
248280000
272560000
277050000
89650000
180230000
207690000
117150000
202530000
318050000
236840000
294780000
321450000
218400000
8330000
192850000
269000000
109680000
239940000
166330000
138850000
3480000
182810000
180320000
162560000
299100000
108720000
89820000
239010000
123060000
106350000
178600000
324710000
295270000
71370000
83430000
97680000
282330000
39950000
291710000
76030000
289420000
180110000
78790000
310340000
145120000
245930000
5300000
141610000
232340000
102580000
219260000
59060000
51910000
144430000
61880000
302270000
327190000
264840000
52240000
190930000
304350000
132240000
280940000
35820000
88670000
86270000
220050000
111460000
326860000
165890000
205400000
182370000
228500000
187590000
95780000
289560000
326770000
24030000
280420000
63000000
158110000
52250000
211430000
215950000
210160000
266150000
288040000
210060000
283680000
316410000
303350000
6980000
13250000
283130000
280230000
223120000
246180000
184570000
183960000
83390000
210860000
320940000
78460000
270430000
315220000
129110000
162800000
234550000
263580000
268470000
288700000
9900000
38730000
43270000
34130000
34540000
318960000
124720000
244500000
172410000
46410000
56460000
235250000
282130000
168240000
179290000
86950000
254030000
125940000
79930000
260670000
221870000
46400000
250790000
100410000
181250000
125340000
48600000
230000000
49070000
326210000
276920000
252930000
51170000
77170000
204030000
39430000
178930000
106390000
290110000
269250000
240280000
199780000
107480000
28500000
228920000
264440000
106540000
236230000
243530000
120360000
315470000
213460000
8260000
160610000
39040000
102380000
175710000
268860000
164050000
52990000
220560000
117280000
12670000
37510000
20190000
199910000
181660000
57170000
258460000
170930000
31870000
14210000
229120000
68670000
282990000
324440000
298970000
12010000
33280000
249420000
71040000
17680000
297680000
266410000
162960000
112620000
107200000
212440000
279180000
96250000
212190000
175840000
181740000
109840000
104590000
131490000
170140000
56950000
125030000
50320000
138510000
15370000
268140000
83630000
46510000
12190000
242900000
259170000
216830000
319180000
265840000
272520000
35860000
312690000
262480000
121370000
23970000
4240000
231680000
200270000
281480000
319930000
103820000
292710000
276690000
8930000
208770000
10140000
191040000
4840000
29430000
114950000
268110000
12930000
288920000
67980000
19900000
112990000
148900000
84930000
290740000
15490000
137740000
93140000
201730000
240690000
292180000
268650000
168330000
152380000
199110000
132520000
64630000
65080000
251490000
230880000
122450000
62310000
319200000
101060000
192710000
123680000
64210000
152580000
41570000
96470000
49820000
182380000
241220000
177230000
9060000
187060000
101890000
111560000
303450000
123510000
69230000
71180000
315500000
20970000
118360000
105910000
134060000
45100000
258130000
146510000
258800000
278440000
247430000
77410000
112450000
145780000
49490000
217050000
245140000
197850000
92270000
86240000
172040000
283560000
239170000
62270000
5550000
101020000
142860000
194680000
116980000
89790000
214110000
124890000
107580000
134900000
307750000
284100000
171320000
270890000
272960000
119500000
231120000
201220000
125290000
76720000
258360000
182770000
55530000
139760000
106700000
90850000
326520000
17510000
303970000
197510000
290010000
4350000
166930000
150720000
179160000
67160000
253280000
15110000
321250000
118380000
272960000
189390000
115440000
10560000
128260000
129020000
267580000
245880000
120210000
225860000
141080000
297770000
126280000
219790000
269470000
125490000
12800000
132450000
251280000
140620000
104260000
47190000
106770000
290910000
40470000
137850000
232310000
74060000
86840000
219540000
167690000
147090000
279560000
224210000
159450000
134650000
160160000
218600000
164970000
183350000
51900000
56770000
280490000
210050000
78860000
233880000
186750000
131430000
173770000
101300000
284870000
265550000
224820000
252530000
150000000
277540000
2890000
324880000
252150000
120080000
313100000
9400000
277990000
29970000
97070000
84540000
3040000
82370000
104850000
124990000
307920000
296130000
326120000
186820000
129830000
153510000
161290000
171370000
50330000
166000000
318640000
236830000
118570000
89680000
17100000
219680000
317080000
26410000
277320000
124370000
116840000
324990000
327010000
298690000
285830000
292560000
196920000
76400000
120870000
150120000
138100000
58200000
148350000
16630000
106150000
258970000
186770000
27740000
101340000
275530000
195330000
288780000
22860000
256240000
27340000
180750000
153490000
307120000
269840000
306240000
277920000
65040000
288220000
40550000
189130000
4620000
244730000
200840000
241600000
311220000
260530000
193970000
118220000
197500000
213370000
139170000
40060000
49310000
221970000
275050000
292360000
103570000
65990000
282900000
18980000
9850000
214470000
10840000
5920000
187250000
89960000
298550000
248280000
153380000
173420000
144280000
297950000
307420000
300370000
55060000
67670000
50530000
97930000
285050000
241460000
36090000
139240000
198540000
294650000
122390000
262060000
242090000
154920000
164990000
181750000
310360000
230610000
136470000
156180000
250130000
267270000
157120000
278960000
219090000
278410000
201300000
90900000
90340000
79150000
62860000
35230000
206660000
13440000
327360000
220370000
54160000
58930000
19490000
309710000
108440000
227770000
192850000
262000000
145900000
102850000
283250000
171180000
256680000
100060000
97290000
240080000
145410000
2250000
155360000
119800000
7160000
304700000
153840000
287470000
203280000
279360000
62040000
107000000
75230000
263640000
14110000
160400000
2500000
115040000
234830000
217660000
161410000
26700000
108450000
105060000
90880000
232560000
251070000
82660000
58570000
226780000
141990000
126740000
141550000
251910000
89900000
298320000
308580000
109960000
89170000
282900000
39670000
17070000
82340000
282460000
114620000
194020000
82390000
34260000
190950000
309060000
83140000
103500000
45860000
52790000
177760000
258220000
68790000
323010000
158120000
56760000
31640000
73570000
325700000
60380000
243120000
101440000
165610000
281800000
182000000
306430000
218560000
180610000
26470000
59390000
198080000
92900000
174520000
9790000
326180000
214190000
240070000
222840000
245470000
299770000
156750000
186130000
187090000
133710000
286420000
163390000
63360000
326210000
215010000
260340000
181290000
213580000
14360000
284690000
228970000
285040000
47980000
42020000
231050000
12380000
150320000
200650000
125160000
144810000
155790000
90230000
17270000
17710000
313130000
103820000
61400000
248160000
284880000
153190000
55890000
55130000
182590000
208510000
322710000
232830000
43640000
270380000
30120000
31840000
217590000
235010000
95740000
287330000
50590000
277140000
276490000
65950000
285220000
245410000
204160000
153770000
10520000
5650000
198910000
1380000
133100000
209670000
150550000
137870000
272240000
182220000
164390000
274410000
66480000
268040000
278340000
193680000
314410000
88720000
326680000
199740000
191760000
51370000
206330000
32410000
57450000
180180000
310150000
229740000
192520000
8460000
89560000
255240000
69660000
155810000
81440000
322400000
293340000
152960000
118760000
250270000
12050000
20180000
42910000
316410000
134650000
161910000
224710000
62590000
237000000
202170000
20160000
19430000
146240000
170640000
315050000
11570000
315020000
76660000
92750000
320460000
176320000
297890000
60460000
21450000
60030000
131520000
319010000
83260000
291530000
211840000
196490000
303500000
104050000
243460000
10250000
289700000
143360000
47950000
97930000
113230000
55320000
288560000
158960000
32100000
177760000
56920000
145500000
152900000
137950000
138520000
173500000
83150000
100360000
293610000
37600000
99840000
87290000
25340000
60500000
280820000
168060000
19360000
255840000
107900000
216170000
291820000
190660000
231160000
63880000
94250000
131010000
56100000
64500000
199820000
286210000
51930000
270380000
167540000
45930000
148950000
202800000
56380000
251670000
174200000
43450000
168830000
238650000
246960000
308330000
103900000
226320000
201890000
178390000
201830000
138170000
221290000
67530000
106790000
186130000
106000000
82520000
151450000
198610000
21510000
283180000
289630000
78130000
149070000
295540000
314760000
6170000
112110000
254290000
22640000
159660000
195310000
299420000
106980000
195220000
311550000
275870000
152570000
231580000
44640000
137620000
85100000
309460000
310650000
83800000
131650000
59460000
135400000
272970000
80420000
144640000
231940000
125840000
102700000
327150000
322000000
12060000
321060000
313020000
246960000
88330000
76110000
190670000
4150000
66450000
301750000
63540000
234480000
249190000
130790000
279880000
263210000
75920000
315970000
221970000
135090000
86520000
710000
6580000
141220000
268590000
79970000
109990000
18990000
41200000
13200000
320360000
169840000
49120000
19150000
239530000
194850000
207410000
101990000
115670000
42080000
68440000
301690000
296810000
48790000
211080000
172070000
52590000
257060000
238490000
240750000
280260000
201240000
276070000
177740000
28840000
201280000
245460000
31450000
204810000
117140000
201490000
241680000
133380000
203070000
267930000
235040000
11050000
16970000
182170000
159550000
166410000
23430000
261330000
320970000
6790000
207360000
195550000
256330000
19540000
9300000
102520000
199040000
202790000
124880000
248700000
317540000
260720000
321760000
267010000
154150000
180860000
42310000
174800000
199750000
302600000
205140000
89380000
166570000
149900000
194380000
289810000
154470000
52420000
246180000
160700000
256310000
240610000
272190000
287810000
209900000
128330000
86720000
15630000
213020000
5020000
269280000
307210000
248980000
314470000
109450000
284060000
22220000
86860000
57940000
235770000
128440000
186830000
215470000
132400000
4850000
164640000
317230000
203370000
166530000
271680000
281300000
152550000
14660000
48580000
225120000
296560000
33180000
132010000
1420000
212760000
315060000
327020000
106840000
150230000
302700000
263120000
82500000
134750000
203110000
268500000
191950000
54880000
115200000
261010000
201830000
247980000
278920000
188480000
67840000
302450000
121870000
144620000
283430000
182580000
168590000
88710000
140160000
81720000
228320000
244410000
176830000
160880000
220150000
139760000
185160000
182980000
390000
312830000
32050000
199970000
291460000
57690000
236750000
9170000
93870000
150200000
60300000
174420000
217350000
323890000
203730000
34800000
120730000
107770000
7860000
83810000
317850000
5220000
183450000
209790000
160850000
157130000
309350000
197350000
308830000
21860000
160960000
206480000
20850000
147520000
5210000
92600000
219820000
66360000
76880000
199190000
172360000
267920000
270650000
192780000
41980000
314960000
263860000
210110000
109760000
75470000
121210000
232020000
72450000
67020000
285640000
315390000
25720000
22570000
23700000
219200000
316540000
193590000
110800000
72980000
233910000
239600000
305100000
295910000
258670000
220330000
16750000
121360000
304990000
177750000
257900000
143760000
312560000
202720000
207030000
50860000
209670000
95150000
235420000
234950000
35660000
184560000
141860000
84370000
191980000
126260000
183640000
10850000
316650000
189080000
203400000
13600000
28140000
211540000
180120000
197520000
33380000
87060000
125250000
306300000
292490000
231790000
30790000
83130000
288380000
325170000
84210000
141450000
59910000
19690000
218390000
243080000
165650000
237620000
194730000
236810000
219700000
231470000
270530000
227080000
65080000
167150000
44290000
310660000
276890000
146630000
117710000
55410000
162590000
186310000
235720000
25140000
109660000
259880000
181700000
281680000
221990000
6550000
38500000
134440000
129360000
162780000
194060000
294270000
103130000
75230000
323710000
233270000
170730000
234610000
21730000
99340000
311020000
255870000
314170000
314630000
61530000
261260000
205950000
14950000
292130000
24060000
273700000
238590000
233050000
224960000
248330000
242230000
48520000
178790000
305190000
61260000
77930000
315850000
214650000
313710000
154440000
171070000
172710000
240870000
280990000
165190000
85960000
57150000
175520000
224920000
147530000
82570000
275900000
249590000
133570000
108860000
78090000
58650000
256860000
320190000
2590000
223130000
24350000
10280000
41010000
104680000
228690000
4560000
67310000
75780000
260740000
113950000
308430000
312740000
133160000
150240000
305110000
185850000
57220000
89710000
100570000
140950000
81740000
50380000
21830000
266580000
172950000
257220000
169830000
62310000
295030000
22320000
243000000
155900000
214800000
174080000
155050000
327020000
228580000
98180000
105570000
155610000
241200000
50280000
236560000
257130000
33320000
230920000
171820000
264670000
113200000
73580000
210740000
39870000
90940000
49830000
213640000
272640000
197140000
267460000
243900000
104250000
262550000
131630000
314670000
57920000
142310000
226190000
28800000
47180000
161280000
199480000
47200000
90790000
320910000
37660000
275870000
58080000
121260000
148250000
311590000
175180000
32200000
100350000
313140000
254560000
241470000
291560000
301340000
33600000
7510000
162080000
314780000
222940000
125890000
175240000
79760000
96940000
40900000
201890000
293720000
74190000
303010000
217020000
248440000
205230000
265390000
206090000
118270000
66370000
81860000
274160000
18270000
151690000
176230000
148990000
225140000
104150000
36440000
54360000
236690000
103780000
316760000
178580000
79520000
98460000
271370000
59150000
229880000
246160000
72880000
23820000
280740000
203330000
39150000
110560000
256560000
300620000
96160000
245240000
121290000
274420000
19840000
48720000
70490000
233960000
180260000
85820000
102020000
187750000
54160000
306650000
145520000
187590000
127550000
114170000
228440000
35540000
194430000
68240000
319990000
284220000
1210000
157330000
314130000
199170000
157930000
218730000
120600000
311750000
90740000
59850000
325010000
316220000
132080000
273950000
110260000
267200000
262910000
319880000
109290000
90720000
309770000
101930000
80000
122540000
9220000
308760000
151370000
308160000
138030000
210900000
79120000
122890000
172530000
299790000
72990000
123220000
229020000
276020000
63690000
306540000
127290000
97340000
124380000
122740000
52260000
164630000
281340000
229720000
243480000
164530000
95030000
23070000
255180000
183330000
274370000
206950000
131790000
6610000
231440000
176590000
109610000
219070000
65760000
134720000
206450000
35920000
229720000
6280000
241960000
68110000
155350000
158350000
12290000
37160000
235320000
249560000
161580000
297490000
246200000
232960000
197240000
131200000
245260000
164060000
89830000
34450000
305740000
216910000
265880000
305380000
206640000
181040000
208770000
203530000
29420000
170040000
306230000
148520000
156250000
176110000
278420000
87240000
311490000
201350000
135900000
101460000
73280000
238550000
278040000
317410000
169090000
193810000
127790000
291020000
100830000
6920000
105320000
173120000
260990000
61610000
110470000
224050000
152900000
175690000
299590000
326280000
221390000
212280000
275800000
324710000
217780000
274400000
184560000
221480000
294440000
247450000
161250000
72100000
46980000
256160000
311800000
248150000
60640000
162260000
294720000
274790000
195930000
324820000
30050000
185360000
153330000
111050000
275870000
307320000
156380000
311650000
10640000
145180000
83990000
50320000
175080000
138960000
134380000
239780000
226380000
82450000
40590000
241690000
7440000
273620000
247690000
110490000
265180000
164670000
105580000
321430000
230610000
256030000
91900000
221860000
12260000
36030000
170040000
213000000
317680000
4230000
313470000
53960000
45660000
252300000
216650000
261520000
320000000
36170000
291730000
307860000
106680000
315970000
315790000
262240000
177280000
262600000
121580000
234250000
232670000
193120000
7340000
4520000
51690000
295620000
15700000
82110000
292350000
68900000
17110000
20640000
47500000
289600000
75450000
147670000
217540000
307870000
82170000
245650000
299420000
20880000
102730000
28150000
275790000
308370000
93880000
192690000
118860000
138300000
108090000
46400000
73210000
183190000
298810000
316260000
130200000
14110000
204540000
258930000
219840000
23570000
229990000
303360000
188290000
59500000
214570000
324050000
103650000
23340000
300490000
190940000
285920000
312700000
301190000
230170000
293130000
152530000
161170000
49770000
191600000
215050000
1530000
245910000
65620000
35760000
48540000
200720000
111340000
230160000
250500000
91930000
219450000
18520000
207470000
325210000
80610000
63440000
202590000
283660000
28850000
144390000
27180000
91070000
52680000
35540000
320500000
74320000
137990000
320200000
167350000
310980000
27920000
39160000
261820000
190290000
253160000
30590000
137580000
45830000
223990000
11350000
83570000
200700000
152710000
223420000
177800000
138770000
304060000
282950000
176860000
24030000
82520000
157180000
230350000
72850000
284280000
166780000
259600000
1010000
209490000
23640000
263850000
276260000
171570000
27370000
48410000
189380000
115930000
170960000
310330000
44930000
297680000
278730000
299350000
191090000
300960000
203810000
215610000
257390000
55840000
259230000
284990000
167310000
118490000
254420000
86060000
68500000
282870000
260400000
227690000
92230000
15880000
164670000
120830000
34000000
111580000
156060000
169380000
194630000
209200000
183660000
157580000
196850000
90230000
202290000
192980000
293560000
54700000
231750000
241960000
16830000
99880000
76190000
29460000
321900000
82750000
24690000
255190000
143410000
261970000
85450000
16540000
71580000
140580000
57940000
237910000
133410000
248370000
289000000
132320000
126750000
197360000
174380000
99580000
305800000
270850000
150130000
52840000
52530000
207270000
302850000
24260000
196700000
145360000
32810000
233700000
65490000
13480000
90770000
261990000
168350000
35730000
281370000
83510000
287310000
276170000
52330000
305710000
273760000
255290000
177310000
110440000
203420000
164670000
300000000
75280000
309160000
126340000
49990000
177570000
292400000
5810000
136230000
159410000
71310000
157490000
315390000
92990000
255750000
40990000
143630000
132450000
147260000
2010000
64240000
240830000
73890000
207350000
220240000
188950000
287450000
61700000
114830000
287170000
283920000
287520000
113240000
197730000
277400000
182550000
44680000
220700000
168430000
100300000
157560000
107650000
31140000
29800000
14580000
123580000
81240000
60080000
253110000
66670000
217170000
159280000
175900000
310990000
45800000
138700000
29900000
254120000
140000000
180640000
282750000
200840000
196820000
179110000
201060000
98680000
86440000
238260000
164360000
173660000
115920000
249880000
188380000
158650000
272120000
239470000
74460000
196590000
10520000
57710000
212560000
111100000
320570000
106660000
262500000
126700000
131450000
39250000
311480000
58740000
257740000
70430000
94290000
55360000
67630000
200160000
218580000
239340000
73010000
20610000
326550000
38150000
211740000
305820000
101390000
120820000
140240000
209000000
15750000
193370000
153760000
113000000
194240000
158640000
205370000
26950000
185250000
186290000
228510000
297880000
307940000
317440000
217060000
100750000
160710000
64900000
318840000
148190000
199790000
271950000
51580000
168070000
8450000
153740000
174380000
211560000
148200000
304320000
97660000
272220000
229570000
5530000
262710000
69550000
93890000
276250000
80290000
31280000
20390000
15270000
203940000
84900000
296480000
280540000
55170000
241920000
325300000
126180000
31480000
240560000
229900000
22820000
297430000
264390000
213010000
214930000
19270000
2690000
303930000
210330000
84310000
35920000
11350000
190260000
58420000
190800000
186160000
49610000
287170000
159070000
59200000
132450000
221660000
301210000
277820000
27820000
270060000
64910000
318700000
146150000
221950000
131430000
117630000
147710000
235920000
149350000
192170000
254120000
58810000
134670000
267210000
169520000
173220000
18280000
182300000
4290000
214240000
176990000
141530000
221510000
317940000
50410000
152640000
83830000
87200000
301440000
303880000
140770000
182130000
52020000
86580000
42020000
237530000
222490000
50580000
165750000
80900000
246380000
68230000
313950000
247010000
172050000
115580000
31230000
242870000
10410000
140260000
25300000
62090000
148200000
9350000
70430000
125310000
256740000
39020000
81000000
230710000
187750000
150090000
64300000
227940000
286220000
117360000
68900000
50150000
24520000
267540000
97820000
179330000
251880000
178550000
119600000
179450000
99230000
305420000
146590000
304870000
59430000
153470000
185840000
213890000
316680000
217880000
31980000
122800000
274790000
327070000
18130000
68600000
154470000
298460000
72710000
321820000
123440000
131420000
164480000
256360000
123530000
75490000
138880000
28230000
118250000
92510000
61900000
76390000
320460000
33620000
57750000
176240000
140780000
49850000
101030000
267810000
3770000
263500000
60480000
201700000
184940000
202160000
127290000
297260000
160380000
299150000
286720000
183520000
158620000
64210000
276670000
111280000
214650000
143290000
2590000
240820000
53890000
249860000
214190000
127350000
21400000
186660000
136320000
134850000
158220000
200030000
51610000
118960000
261410000
21500000
284320000
58720000
323610000
47700000
323130000
271650000
256450000
81200000
18100000
321280000
259700000
66210000
35960000
150040000
85140000
207990000
232100000
252690000
195520000
322350000
4710000
163440000
118300000
63820000
272610000
263950000
271510000
206660000
830000
287100000
267580000
73720000
22950000
179060000
300140000
134520000
202840000
299050000
258120000
280210000
63410000
65750000
222900000
175250000
66110000
221670000
269820000
57830000
233870000
287930000
280500000
196790000
182680000
312740000
308840000
326290000
203350000
124600000
241050000
215110000
249920000
278240000
275500000
70160000
80600000
198010000
307590000
293090000
29230000
670000
73000000
272250000
82560000
191400000
100480000
316550000
18070000
144490000
84910000
187600000
243820000
48360000
302190000
302700000
196790000
17250000
55190000
48090000
167010000
66310000
83240000
258070000
127250000
223010000
302830000
39690000
124880000
211640000
139630000
241240000
75340000
277700000
28510000
139970000
237240000
295110000
200670000
302650000
208400000
33790000
249550000
160280000
16610000
24320000
182270000
301600000
161390000
326660000
222370000
320480000
248480000
244040000
70480000
255650000
282210000
221330000
131750000
62410000
325140000
121470000
173620000
239540000
296760000
34540000
216580000
17210000
207840000
106880000
104660000
161160000
308560000
301800000
264290000
245370000
136290000
183890000
98430000
70040000
201010000
293840000
129200000
319870000
51360000
290520000
75820000
15280000
63660000
14720000
291930000
269580000
41790000
289830000
59870000
108230000
3970000
110960000
165940000
89010000
176530000
145200000
305030000
134720000
200000
19320000
49530000
108240000
50330000
300570000
156650000
27320000
122800000
251670000
169660000
256900000
8680000
299260000
228280000
214790000
141440000
297030000
94490000
188330000
120030000
229100000
32400000
210270000
156100000
5270000
152820000
263930000
171870000
78630000
239610000
25650000
285990000
192510000
273180000
120810000
35580000
281030000
63580000
152380000
71780000
174640000
174570000
65720000
72210000
169220000
257560000
108670000
212600000
92980000
253430000
52340000
268410000
240190000
253520000
140620000
84110000
168110000
217930000
174050000
68810000
36510000
257600000
178980000
212710000
158420000
56940000
50840000
215350000
165000000
109550000
311550000
203230000
6500000
66880000
59390000
40100000
260170000
149320000
149480000
312100000
34950000
264190000
146480000
41890000
101710000
158510000
36950000
112230000
36370000
166490000
158000000
244070000
281340000
308840000
171770000
148120000
206410000
253040000
44960000
231620000
125370000
185510000
258510000
27320000
315650000
189380000
274450000
212280000
81940000
145260000
21780000
157450000
69280000
42050000
151490000
152570000
53120000
94010000
251990000
247270000
326920000
223530000
277950000
265420000
225670000
271490000
123760000
142550000
267420000
167480000
301030000
228150000
140470000
110730000
289650000
47490000
1370000
321690000
143310000
79700000
260530000
87680000
280520000
131780000
111560000
249810000
126950000
175860000
139290000
7310000
42780000
178590000
87520000
50890000
319580000
202380000
70540000
279720000
42080000
256560000
241710000
181470000
85030000
195110000
321740000
288190000
261070000
122050000
225990000
7880000
132610000
290450000
244350000
74920000
57320000
300760000
46670000
4030000
183670000
188990000
210540000
101670000
192120000
261140000
301290000
57930000
119770000
298540000
150120000
68310000
148890000
233260000
326470000
112990000
24890000
296740000
258360000
66120000
243870000
119570000
155030000
194910000
104820000
28290000
270270000
133610000
9520000
84960000
56460000
151830000
155970000
115540000
250320000
181020000
59450000
204760000
282240000
90810000
221950000
316230000
276320000
283430000
226020000
153690000
32820000
199890000
144370000
215990000
350000
31790000
196540000
246520000
233990000
283500000
301320000
289450000
52930000
218710000
26490000
225900000
292040000
321770000
257050000
53190000
47500000
305280000
202280000
57220000
296680000
87850000
237740000
191840000
66510000
188840000
270370000
109150000
151890000
116810000
190740000
137590000
58500000
45460000
292600000
64270000
222330000
94210000
31610000
278180000
95460000
213500000
212630000
164610000
218460000
234580000
95940000
273710000
179450000
135020000
82460000
204200000
252540000
79530000
157600000
35860000
254190000
287350000
166160000
201130000
133350000
285920000
290180000
92650000
93700000
223360000
265250000
127460000
176440000
195120000
294820000
28150000
51050000
257260000
232010000
7730000
253060000
30800000
315930000
239900000
45910000
242140000
32230000
58570000
27000000
188490000
23220000
132850000
67620000
27020000
12680000
213740000
51520000
238480000
292350000
286380000
227620000
282370000
62720000
17920000
122000000
263430000
175190000
74810000
33700000
89910000
291450000
199840000
127140000
270850000
300790000
243990000
162820000
143860000
271190000
26500000
121930000
301850000
255160000
286080000
178880000
94990000
124250000
268960000
277690000
253310000
98140000
115020000
59700000
195370000
175980000
310770000
53980000
68510000
118880000
144630000
290530000
35050000
157410000
212670000
196620000
296550000
140810000
96950000
196180000
268720000
250940000
196700000
25380000
71210000
14450000
145230000
82430000
123650000
47180000
171350000
169370000
45990000
314990000
131920000
305540000
191240000
310000
280660000
264290000
127220000
295560000
138180000
218750000
16920000
139100000
183610000
131320000
197280000
305220000
111490000
272770000
318260000
293480000
12780000
177770000
223380000
151750000
189440000
61250000
1390000
198210000
63400000
36400000
79660000
290810000
81480000
175470000
99510000
129070000
195510000
31100000
65570000
270770000
130090000
4030000
215760000
105400000
260230000
225740000
154540000
3690000
119060000
324850000
249990000
280480000
239300000
5730000
266580000
258160000
88840000
203730000
200310000
226040000
97830000
157910000
254220000
80100000
209870000
323640000
5680000
59940000
5790000
240230000
257090000
316570000
41410000
292850000
84770000
140230000
272720000
88280000
114350000
135490000
125170000
90090000
277430000
308670000
12650000
215900000
128910000
303690000
15380000
76040000
137760000
322120000
109910000
126930000
234090000
116200000
281970000
226620000
251280000
161000000
327590000
108420000
184400000
100890000
294940000
226420000
316200000
214860000
61460000
279640000
114860000
12710000
309430000
94660000
214740000
34450000
117880000
173490000
158270000
309540000
315040000
32810000
142460000
237570000
272850000
161140000
103500000
228320000
236730000
149430000
123120000
32320000
148830000
132390000
77680000
325890000
176830000
62090000
219870000
187950000
132450000
19120000
286390000
309350000
42480000
14790000
132070000
312300000
39540000
196010000
139400000
20430000
197180000
234120000
143770000
266230000
114720000
119830000
38850000
296860000
187200000
162570000
147020000
144390000
106060000
122760000
259240000
106520000
130370000
190350000
16990000
133160000
18900000
133670000
196060000
112210000
179750000
315200000
27920000
245650000
255470000
242580000
276840000
215310000
28290000
317820000
327050000
261620000
156890000
159230000
308700000
253420000
92820000
141960000
121800000
199690000
190720000
187150000
160510000
247360000
117550000
151740000
184770000
11540000
247290000
108820000
158510000
197690000
112370000
283010000
156760000
136040000
270730000
241610000
211970000
85950000
21250000
54850000
150620000
292290000
275600000
77180000
290730000
80790000
87090000
96620000
102240000
115740000
76820000
74750000
288150000
293430000
274460000
275320000
145680000
326840000
43610000
54720000
252860000
82660000
60890000
321510000
46040000
172330000
255940000
90760000
5980000
186040000
235330000
4680000
311840000
314170000
29640000
296160000
110140000
140660000
149960000
168730000
71480000
25100000
103960000
159410000
257910000
168660000
255890000
40200000
233550000
159480000
282510000
50810000
322710000
318250000
92280000
311730000
134540000
103090000
64300000
312380000
139910000
137390000
248530000
204480000
125670000
170540000
298770000
224900000
311970000
190560000
107730000
305890000
268620000
275360000
294290000
128880000
105390000
175850000
218410000
41670000
55200000
115600000
210470000
145810000
303820000
196060000
119890000
267840000
134030000
219600000
214620000
87320000
203920000
268430000
140630000
169230000
146110000
247400000
6920000
224430000
222700000
39190000
288490000
261120000
205760000
118450000
24860000
295560000
286030000
13640000
164980000
25080000
128780000
33380000
67230000
30050000
224110000
41930000
231170000
9430000
12270000
45140000
252900000
204160000
208010000
303390000
165440000
202360000
200120000
162740000
54330000
297400000
244010000
201830000
211350000
248280000
306330000
4370000
321340000
285770000
36710000
87220000
272630000
196590000
245400000
293680000
102820000
18480000
203660000
232900000
32270000
144580000
320710000
301060000
63050000
110010000
254340000
17700000
95550000
85070000
42990000
77300000
40750000
88030000
214390000
261940000
224880000
286640000
266730000
270480000
253580000
22800000
324870000
197640000
237130000
240130000
124520000
181700000
249780000
67660000
127040000
214160000
286490000
103770000
228370000
285370000
194590000
204320000
209550000
221050000
205260000
59370000
13660000
39140000
231550000
192900000
64460000
181820000
196350000
200930000
39360000
158460000
212380000
54560000
244030000
197140000
255990000
300410000
69250000
180740000
123240000
103440000
298630000
137490000
292760000
105970000
143340000
166470000
224260000
200430000
32440000
135920000
287610000
172690000
51750000
311390000
246960000
194810000
144710000
302680000
167130000
276660000
160300000
108060000
271090000
242900000
290590000
316840000
45460000
327590000
311030000
6060000
3910000
20930000
131960000
205830000
179500000
175570000
74350000
120000
66670000
108690000
101650000
19030000
309730000
277910000
25160000
61490000
45150000
301180000
242430000
33880000
24970000
277110000
110910000
118740000
185630000
91250000
70070000
183700000
151210000
77270000
26580000
243360000
182750000
12210000
115760000
17990000
249190000
142410000
286110000
57120000
302090000
236350000
232630000
178300000
85140000
33360000
57830000
310320000
249880000
33390000
237050000
146700000
159400000
98680000
283910000
77280000
49850000
55370000
263200000
131240000
309970000
93540000
287030000
54940000
305620000
238650000
175540000
207000000
323020000
297140000
316290000
167940000
210260000
204630000
5280000
317480000
256790000
213510000
201990000
30000
184420000
192800000
100160000
152900000
150980000
98580000
17300000
85530000
295510000
232620000
4440000
216490000
104850000
70550000
125720000
128890000
28580000
175520000
1290000
146400000
68600000
80460000
286270000
50440000
64220000
259360000
74730000
191540000
3330000
87560000
110510000
253910000
165340000
239310000
223220000
270790000
82020000
111760000
215800000
132690000
53880000
34290000
158850000
220020000
276100000
163270000
142740000
57600000
990000
250420000
30550000
243930000
310650000
49280000
245720000
292840000
147260000
287980000
205230000
262010000
315870000
40880000
19970000
116520000
191750000
257500000
106780000
114550000
208930000
106300000
74060000
95310000
104890000
151650000
45210000
301270000
99640000
4400000
211130000
303890000
227100000
204880000
137630000
303200000
81880000
238210000
172640000
60030000
97540000
147220000
253160000
58540000
65860000
264250000
95240000
158180000
273020000
301200000
326590000
4880000
306820000
183410000
25740000
65000000
255660000
262220000
57540000
15520000
8500000
15160000
132260000
234860000
66020000
77370000
289010000
179010000
227490000
159670000
301020000
42650000
218810000
318430000
167100000
145080000
264890000
98580000
101840000
181210000
101060000
65860000
239870000
313710000
324900000
249720000
105180000
20730000
323530000
12810000
26620000
279960000
282130000
94510000
291150000
88040000
197850000
203330000
215640000
105040000
128370000
114530000
137840000
163330000
169720000
269210000
315440000
153700000
132570000
880000
61290000
202970000
33400000
199230000
279010000
153430000
58760000
17310000
275000000
156480000
136130000
2530000
203110000
96930000
63320000
274510000
18140000
315990000
2160000
232120000
68340000
38490000
322520000
209120000
101410000
232090000
274500000
91800000
175690000
95350000
45620000
233650000
251110000
128170000
110110000
7630000
313210000
326060000
133450000
314430000
98500000
225930000
186640000
144420000
274440000
158330000
307360000
65020000
210250000
275590000
179530000
110070000
90060000
315430000
211290000
27510000
210700000
273950000
212280000
175410000
300590000
32200000
227150000
209440000
221780000
76580000
53840000
77380000
303830000
46380000
37370000
136350000
50300000
197820000
323150000
320800000
20210000
224250000
177520000
92040000
54460000
194120000
130040000
80450000
288250000
12440000
25490000
269940000
85290000
201320000
90000
223160000
24290000
77610000
91330000
129300000
107460000
55320000
252830000
308730000
304390000
218800000
88350000
249870000
205700000
255890000
76290000
55600000
295210000
105970000
321890000
131630000
304440000
186210000
247050000
28150000
107130000
223340000
169990000
131370000
256150000
141640000
320580000
235110000
83830000
68460000
209430000
327370000
298310000
286550000
122510000
243510000
132900000
160520000
122950000
244200000
240610000
143600000
297670000
152730000
80340000
321330000
251910000
93010000
3780000
253870000
278790000
135000000
66150000
127090000
240720000
250610000
199520000
109700000
228230000
180640000
325370000
220500000
16100000
287910000
129780000
224430000
71610000
48210000
27180000
222980000
151830000
169330000
86950000
147090000
210720000
74680000
87030000
128640000
308450000
18490000
90500000
286460000
311420000
224440000
121550000
264590000
7680000
88850000
303010000
7680000
98470000
326060000
31870000
145350000
103090000
283640000
176330000
193510000
191400000
186250000
317240000
153460000
32000000
208380000
260310000
112210000
32170000
236240000
135840000
148150000
23440000
83520000
120190000
60700000
113670000
89190000
321740000
244870000
70300000
223450000
227160000
280440000
316990000
251620000
216850000
161150000
253210000
65020000
285410000
78040000
255730000
107330000
114520000
78110000
122290000
22240000
221590000
99830000
316650000
38450000
139500000
68260000
85910000
268970000
232130000
223710000
119860000
146620000
151900000
55840000
219060000
54180000
216220000
277190000
296660000
162180000
19910000
309590000
95660000
171030000
232790000
304980000
48670000
213450000
261030000
174300000
300200000
60250000
15340000
58210000
318330000
162350000
102870000
283930000
48270000
33480000
166240000
326920000
119180000
128000000
172440000
64310000
90860000
96950000
115080000
217530000
115970000
231920000
311210000
28190000
89070000
290710000
50220000
205610000
19910000
220520000
52510000
15230000
289650000
249560000
269800000
150610000
284650000
275230000
123000000
258280000
292350000
279530000
246120000
136820000
238760000
61570000
52890000
32920000
151990000
17760000
24610000
208420000
191310000
276600000
87000000
116380000
210800000
246200000
25450000
309290000
301680000
141410000
187620000
208340000
316330000
322700000
230820000
100000000
145600000
13640000
61410000
160990000
63360000
76650000
68330000
290290000
288270000
272540000
210280000
103190000
59840000
271100000
301680000
244170000
293970000
81250000
74060000
114100000
284630000
320480000
46900000
49690000
53440000
285990000
146430000
101550000
124640000
145370000
55580000
172060000
169110000
294140000
199470000
212930000
91290000
265870000
140800000
850000
87640000
72340000
170760000
140150000
301180000
133840000
248470000
206480000
205470000
55550000
108320000
267810000
308370000
274270000
258960000
58590000
83240000
277990000
156530000
77010000
288410000
44040000
157290000
192150000
305650000
36500000
255320000
30830000
297190000
182960000
244390000
7780000
122380000
52410000
208030000
60060000
226200000
326700000
78490000
192050000
45240000
250780000
117870000
219840000
126290000
1390000
78980000
199730000
226380000
38150000
210020000
240410000
244850000
150630000
222110000
200660000
188270000
95830000
39300000
265650000
120820000
279820000
88310000
282350000
232900000
118120000
32560000
158020000
14480000
65130000
261260000
184970000
270640000
32150000
122930000
319070000
84370000
184180000
163380000
224240000
700000
111830000
63450000
93280000
260590000
74830000
192210000
125370000
115600000
313490000
109230000
308830000
159050000
158470000
293130000
27860000
269840000
144090000
102340000
125000000
19700000
8390000
211570000
56680000
38560000
44850000
235920000
310220000
47330000
327350000
113830000
98270000
244990000
30610000
220900000
171350000
121000000
214790000
265730000
109060000
68850000
172450000
132090000
258360000
199810000
209390000
96990000
301010000
94070000
301950000
312190000
30840000
114270000
293550000
255600000
221330000
154520000
248000000
6030000
316880000
53980000
68750000
115690000
3040000
169900000
278430000
295570000
78570000
113190000
118750000
241490000
181900000
39460000
107980000
194670000
263460000
205090000
300800000
304790000
79810000
232070000
77190000
321380000
324250000
16990000
207700000
320140000
325100000
123550000
242320000
57650000
186180000
317200000
162370000
282640000
7090000
307030000
325440000
320500000
125410000
43010000
123440000
174270000
261410000
29100000
196960000
148240000
196830000
310980000
106400000
11310000
195700000
237540000
235350000
209030000
194450000
276090000
154140000
260320000
229170000
116300000
253180000
124320000
144130000
240900000
184610000
1320000
66350000
215170000
266450000
93210000
18180000
218050000
43330000
47210000
152460000
49700000
157880000
263940000
310080000
172270000
88350000
205770000
56750000
2050000
200500000
146420000
192540000
303180000
13900000
187240000
9790000
313650000
147540000
31710000
140220000
58440000
172670000
225090000
24100000
118720000
165520000
158740000
169770000
136970000
153700000
99410000
202670000
123410000
6170000
249680000
250650000
273210000
186550000
167270000
269140000
82830000
21370000
69320000
265490000
11620000
128820000
140350000
285920000
251350000
89300000
25340000
175200000
177280000
296880000
197240000
266340000
252330000
56030000
171250000
61220000
127820000
207600000
170650000
319300000
282640000
54230000
233220000
44860000
289080000
146380000
86310000
15650000
64260000
43620000
5630000
83780000
144190000
318510000
87410000
253150000
130760000
211680000
115210000
300980000
195870000
205310000
72390000
83390000
205520000
268300000
204740000
207810000
37420000
91180000
29000000
297000000
242340000
256060000
106800000
97900000
69230000
173990000
81680000
4850000
196340000
254550000
75440000
24440000
307080000
208000000
252190000
305180000
163490000
289470000
75800000
292990000
214480000
6840000
261190000
291320000
233400000
118880000
97700000
192970000
214330000
151400000
26220000
145450000
55400000
207270000
182500000
210820000
292470000
280990000
200500000
177300000
83960000
283040000
163310000
188050000
280510000
210820000
131390000
67670000
243700000
66760000
101430000
305560000
179730000
271160000
119570000
282860000
273660000
204330000
108430000
306720000
198140000
212980000
114710000
89370000
112610000
128090000
209200000
235860000
173270000
284410000
90530000
33230000
325280000
54910000
245970000
70990000
18810000
218230000
133100000
36710000
275780000
239930000
150900000
216530000
212340000
62660000
242470000
321130000
274220000
107450000
259740000
234880000
30220000
233770000
175190000
240830000
159660000
208050000
27940000
76460000
83240000
134410000
310890000
270980000
217970000
120660000
64600000
203910000
305730000
254650000
266050000
268060000
174380000
163960000
275180000
282620000
279440000
217260000
170150000
228930000
193230000
35690000
11240000
42180000
253690000
304720000
16700000
271610000
280150000
278250000
227290000
14940000
240370000
241950000
38300000
165490000
53000000
17010000
107940000
185610000
133030000
149920000
139590000
49480000
192060000
146130000
289690000
156390000
194550000
65610000
26510000
44100000
326770000
165760000
225390000
172220000
275020000
322240000
31960000
68490000
240230000
139120000
177230000
57140000
53710000
168080000
16200000
189810000
131560000
232980000
301490000
321450000
304970000
194660000
274430000
194480000
263920000
135310000
102040000
196950000
272940000
54500000
191490000
19510000
325810000
315980000
218450000
136750000
2450000
315840000
214330000
61000000
143990000
215670000
322970000
260090000
89410000
262310000
260990000
48980000
109740000
243870000
7590000
312620000
161450000
157290000
136590000
93240000
7670000
49660000
39680000
159270000
20940000
108490000
317960000
295420000
179230000
273960000
54170000
154110000
173680000
120480000
157810000
238330000
105740000
246880000
218840000
76680000
104680000
24250000
62040000
318440000
309210000
149600000
319110000
239220000
199510000
267000000
103420000
6300000
34250000
104300000
194510000
177200000
101980000
285270000
314800000
244050000
213820000
124250000
216140000
166120000
62040000
31920000
40090000
149380000
250050000
268660000
166660000
321710000
30800000
69640000
275410000
150260000
78860000
19350000
127330000
232510000
107240000
230760000
152920000
81590000
309510000
155960000
95270000
108070000
42870000
120270000
19200000
108050000
111270000
248370000
297100000
165830000
98030000
151370000
294830000
213410000
56350000
286210000
232770000
222780000
300800000
164340000
47110000
222290000
88530000
219300000
54080000
147300000
74480000
216320000
191410000
26700000
154160000
30630000
18180000
188150000
199840000
265090000
179740000
17410000
218850000
14080000
309600000
197480000
230850000
57780000
301010000
81710000
325050000
274010000
247960000
41720000
211090000
207310000
89870000
116700000
35250000
101840000
158020000
217270000
137460000
196880000
53520000
91970000
209890000
178950000
3980000
49510000
120180000
193730000
162570000
317190000
238730000
69150000
30680000
28830000
256100000
118590000
21250000
275960000
228390000
175830000
135180000
91590000
215180000
230610000
61670000
286030000
281660000
299380000
262260000
71930000
178820000
278760000
157600000
87380000
145570000
37800000
185540000
30780000
180610000
168680000
245210000
256730000
210980000
47570000
312580000
134190000
143450000
179010000
1890000
222160000
259560000
232390000
237250000
81250000
285320000
71780000
204210000
87160000
217620000
102870000
282080000
47380000
255300000
46050000
194900000
37990000
295690000
324070000
132530000
194130000
276560000
257850000
305830000
283480000
185930000
207990000
133620000
56060000
36660000
217350000
62190000
216710000
266640000
325990000
6080000
98470000
240140000
29140000
32120000
75070000
226220000
83270000
224920000
203200000
269990000
198980000
112710000
183860000
21920000
85520000
162170000
325240000
149880000
6930000
150890000
76880000
224140000
122960000
202680000
43460000
253580000
17370000
277450000
115680000
107970000
308250000
296470000
282210000
72370000
206430000
299070000
36700000
45490000
125460000
190390000
322520000
300120000
260200000
114310000
324760000
6910000
305250000
28450000
260990000
44160000
77740000
170560000
186770000
68720000
317360000
10080000
68960000
303090000
151320000
323580000
317880000
307440000
40000
89300000
167270000
276490000
185190000
48680000
301740000
79010000
83610000
42550000
239660000
269270000
213130000
3620000
147800000
288180000
297280000
232890000
217130000
49410000
282230000
27960000
67310000
128400000
302310000
121350000
156320000
195820000
13820000
132500000
126440000
88520000
174570000
96010000
322680000
210330000
7730000
218940000
104190000
85260000
108830000
65330000
167820000
275120000
174360000
168250000
210520000
258120000
240000
58450000
132960000
102020000
237730000
297580000
43050000
166770000
213580000
211110000
52810000
116500000
115700000
219800000
42530000
323270000
263590000
137160000
57970000
61180000
177180000
37770000
203810000
160650000
321520000
307130000
43710000
261760000
65860000
268740000
302420000
302410000
305090000
190970000
326620000
312480000
22420000
171480000
325920000
285360000
156200000
46170000
212290000
96240000
117810000
46380000
127060000
255610000
323500000
125470000
44580000
190390000
19050000
299810000
264680000
84140000
156010000
253160000
182940000
19670000
270450000
221670000
100390000
161630000
106000000
97740000
184440000
309990000
175250000
80800000
32170000
268240000
204490000
140860000
156740000
12570000
141850000
312150000
580000
122750000
52300000
65820000
22110000
150370000
302700000
89620000
165910000
300280000
326610000
136120000
296960000
168760000
321000000
199580000
151710000
241910000
232480000
321220000
126980000
225500000
57580000
57280000
131450000
237420000
74380000
118600000
114730000
244770000
114930000
6950000
154040000
172130000
100320000
55250000
109040000
322950000
292210000
58480000
1680000
280840000
206200000
280910000
148380000
192320000
211190000
303370000
235660000
304320000
172620000
185340000
298310000
36370000
146940000
61020000
170110000
325140000
106420000
22690000
38340000
35470000
97300000
15030000
310410000
6060000
104110000
282970000
147370000
281020000
40150000
130630000
81170000
163170000
119990000
121510000
206430000
75380000
67820000
234540000
18870000
120120000
39120000
89220000
238370000
221740000
70910000
308080000
237180000
18510000
282770000
316230000
258520000
112110000
282300000
165890000
80010000
220150000
324870000
47280000
30290000
99210000
59870000
158630000
273270000
94880000
34770000
167140000
8460000
304750000
150820000
278310000
38390000
126190000
241690000
196470000
193620000
124060000
245600000
287520000
309050000
125610000
227200000
243800000
174410000
65500000
13390000
217380000
271240000
109510000
10050000
49400000
29890000
26250000
14820000
251040000
6530000
233800000
214300000
36110000
126060000
230580000
197870000
320510000
63270000
114300000
176220000
107470000
134070000
242960000
237140000
72050000
249490000
154060000
188100000
125150000
219350000
315880000
77850000
183340000
269130000
290230000
14760000
99630000
141770000
157260000
29220000
117070000
235290000
92660000
236270000
94250000
199000000
32480000
79750000
175300000
77570000
214130000
190960000
170160000
80920000
269050000
72510000
318070000
137300000
277030000
55470000
44520000
222550000
146840000
85350000
5940000
1460000
77900000
180360000
100470000
85050000
106070000
32780000
49580000
162810000
177460000
302990000
144220000
245920000
64130000
128080000
240520000
280410000
237910000
275760000
169240000
106570000
67080000
239460000
299580000
266320000
22630000
16270000
178310000
64410000
326790000
106370000
211000000
266370000
109090000
317500000
46540000
285400000
315970000
88270000
269790000
190460000
21390000
258380000
80810000
8980000
197920000
152210000
186970000
102930000
8130000
62060000
309290000
6930000
3510000
48160000
201940000
162380000
239880000
226750000
139710000
4210000
159800000
16830000
269660000
110990000
47560000
206090000
24660000
236680000
93590000
63950000
271840000
279280000
150940000
243320000
218660000
264580000
152660000
94630000
269130000
174310000
12860000
133600000
231660000
284490000
291220000
252600000
138830000
221730000
149660000
157060000
289460000
24740000
107080000
153460000
236700000
108200000
222660000
250690000
213780000
139270000
230380000
288840000
133590000
277670000
119780000
40300000
309210000
201910000
148900000
30930000
14440000
28090000
95070000
60400000
325230000
182220000
6470000
101500000
152250000
72620000
293820000
229690000
97400000
160010000
148550000
3050000
95260000
62870000
318630000
169790000
229660000
244780000
53450000
242090000
188860000
249060000
147200000
56430000
196060000
44420000
253610000
169830000
189380000
68170000
107950000
37090000
87990000
304970000
37950000
287420000
212520000
213670000
241400000
181030000
108550000
167550000
110520000
168560000
84450000
322620000
29970000
306500000
107890000
200650000
47050000
191270000
44470000
144270000
135030000
12760000
142650000
66750000
52460000
197810000
178030000
258150000
242630000
227600000
93160000
325810000
137770000
325330000
218280000
47840000
227030000
44440000
304760000
183740000
321080000
75350000
44020000
139350000
44410000
317860000
303930000
33200000
214140000
209440000
218570000
129120000
323040000
254960000
176910000
267060000
288260000
262160000
275830000
121330000
45110000
109760000
23050000
296650000
232060000
190980000
324180000
176190000
167910000
150240000
104670000
68500000
299340000
264950000
69750000
290750000
76940000
157870000
54650000
147620000
76390000
175080000
174600000
256820000
305860000
114950000
91220000
39350000
239480000
315590000
51190000
51380000
54660000
113730000
307500000
320600000
93410000
320930000
285480000
104060000
319180000
142680000
2120000
60650000
66190000
101270000
185710000
131140000
180420000
77500000
327490000
17280000
312610000
99770000
287360000
140250000
16060000
204650000
97830000
139530000
14050000
116260000
311530000
1650000
165450000
311270000
157800000
224310000
323800000
301830000
113470000
207230000
290810000
290630000
255440000
122490000
144260000
64400000
16620000
212910000
90290000
296980000
215980000
149780000
137270000
128250000
204600000
262690000
51800000
122230000
173470000
64020000
221650000
210820000
154230000
140550000
281870000
88070000
188090000
213300000
60910000
181110000
75440000
93440000
30750000
176890000
232050000
267560000
247240000
112170000
98560000
320480000
207600000
22800000
216500000
120880000
249660000
210670000
157780000
11730000
38430000
90480000
59320000
15760000
7630000
295980000
243350000
196160000
318570000
109800000
121660000
216610000
254910000
139330000
39290000
240850000
152500000
8910000
46930000
232880000
262880000
7860000
240570000
125590000
288270000
69100000
262260000
212900000
212410000
102640000
306660000
300740000
266920000
301480000
244120000
248920000
2160000
201580000
188270000
111590000
200420000
28390000
101630000
214480000
63960000
162500000
128960000
31960000
296780000
291080000
234860000
134370000
253030000
303230000
180010000
170410000
98450000
236300000
50940000
104000000
89930000
20540000
83940000
292040000
55420000
261240000
325690000
85810000
26430000
218270000
182010000
45020000
190230000
120380000
35610000
238340000
131010000
42050000
69000000
47320000
114560000
186360000
112100000
139170000
125930000
44770000
237920000
229100000
69900000
294080000
27750000
178890000
120690000
313910000
161390000
18350000
43060000
100390000
321730000
210690000
75730000
114440000
18270000
41950000
233360000
303950000
251020000
43160000
290070000
30220000
167640000
99480000
250080000
137720000
70080000
137900000
291570000
50470000
8310000
290860000
316960000
309060000
74670000
218140000
61900000
154670000
156050000
55110000
223830000
246530000
14390000
48260000
319420000
119290000
74400000
35270000
285400000
138860000
184430000
90470000
221530000
184700000
6100000
216050000
47090000
229710000
264710000
72420000
23320000
288420000
324200000
232250000
308810000
317180000
165880000
53510000
172520000
158570000
268650000
209750000
274300000
113510000
261020000
57500000
117880000
267470000
720000
172900000
312190000
137170000
19930000
237600000
107560000
40920000
76930000
311990000
170320000
188490000
288730000
263430000
79330000
204440000
308560000
144860000
180250000
323640000
40000000
223320000
230220000
91450000
300530000
177090000
208950000
67470000
45080000
93190000
316340000
71360000
31230000
162440000
289820000
124900000
33750000
65460000
304390000
250480000
145650000
189620000
311680000
37190000
154690000
99820000
81130000
32870000
323400000
7660000
76330000
302900000
183210000
6360000
186770000
179950000
309060000
194630000
52490000
116200000
80560000
61330000
295660000
159550000
570000
254210000
204610000
225010000
266600000
189160000
31630000
287380000
233780000
193970000
173340000
95880000
294990000
4700000
151990000
141150000
3660000
14650000
152320000
198740000
190780000
43370000
168000000
128480000
279930000
59580000
167570000
236710000
190580000
246820000
266170000
310650000
327060000
258200000
53120000
202040000
196020000
291970000
321360000
86430000
291160000
229780000
123060000
326240000
251150000
124730000
261600000
46780000
223360000
247190000
246080000
251880000
77820000
43210000
146160000
102230000
127120000
111860000
271700000
47660000
290420000
2680000
284580000
108760000
46620000
199460000
169810000
117530000
47040000
108380000
85970000
43220000
195950000
89110000
211150000
3870000
312210000
2370000
226040000
55780000
146400000
18640000
205660000
16940000
279310000
93650000
267560000
71840000
20650000
251060000
92650000
120000000
59840000
43890000
254020000
254110000
89570000
318070000
244070000
2270000
136860000
79430000
50350000
31120000
82310000
106770000
170490000
12060000
204010000
214350000
35460000
279590000
175760000
168110000
217080000
900000
11640000
5970000
197250000
141070000
58830000
264150000
23770000
10940000
253800000
153550000
251680000
269340000
3830000
86110000
303160000
184030000
219480000
42000000
130410000
56600000
12730000
177230000
71890000
220320000
72230000
77870000
181780000
307390000
315030000
111370000
148900000
24630000
221770000
298010000
102030000
219130000
268300000
153140000
140990000
229980000
81030000
165980000
201170000
137900000
248680000
173740000
56920000
304480000
141060000
211840000
88480000
259260000
305670000
82350000
324070000
139770000
154710000
272050000
20300000
189200000
168450000
134580000
207590000
205980000
310420000
228080000
322770000
20660000
276330000
135050000
202780000
272900000
153110000
294400000
200170000
304020000
228690000
155430000
208480000
302260000
167600000
200570000
188630000
256460000
224900000
146680000
35260000
233860000
126100000
216490000
63390000
108130000
251620000
83580000
282200000
304370000
98150000
88750000
63720000
48760000
293900000
314290000
305550000
260100000
190770000
147840000
192750000
34350000
259760000
148400000
160480000
85290000
1900000
326330000
213670000
126370000
273230000
254450000
290030000
279940000
80860000
37340000
14520000
52750000
25410000
19250000
272010000
48550000
153040000
223780000
13910000
284330000
132600000
27250000
228260000
281250000
6900000
41890000
297070000
39350000
258470000
157190000
308830000
186140000
94280000
303130000
120480000
80260000
226400000
177270000
217090000
24660000
205650000
239650000
78870000
144730000
189760000
217500000
86530000
119530000
152290000
45090000
53430000
186000000
187710000
136110000
87780000
67630000
161880000
15680000
150020000
179600000
69680000
73730000
76660000
123600000
4180000
223850000
40010000
134850000
116190000
229460000
266130000
166960000
123890000
68940000
308040000
311190000
62190000
186270000
300880000
184610000
192950000
326520000
236430000
900000
127470000
79650000
11240000
302840000
325250000
159530000
217920000
121100000
121970000
4970000
208050000
41120000
38560000
232560000
277300000
112310000
230340000
285010000
241710000
64380000
206560000
132650000
272360000
284690000
199240000
303860000
189720000
208020000
136520000
254710000
135800000
109250000
203800000
167080000
135990000
1370000
258670000
287280000
158120000
318310000
116840000
272930000
146580000
51400000
268870000
196880000
770000
295590000
129590000
105300000
286300000
26760000
261400000
106380000
43910000
258600000
102760000
180600000
20940000
123280000
264370000
50530000
153850000
41390000
269270000
267280000
281960000
113040000
143680000
263960000
129750000
48130000
11830000
103910000
1480000
236460000
203330000
35590000
191270000
117730000
286010000
322070000
224950000
5520000
188350000
44600000
196520000
231710000
185950000
297200000
72730000
160880000
294670000
313750000
211630000
116120000
104740000
136490000
279300000
246280000
253950000
5830000
138330000
31270000
20450000
250000000
219850000
319900000
97720000
46380000
37710000
127930000
116960000
143730000
220610000
249080000
307160000
53000000
167390000
8270000
134970000
38720000
305780000
192890000
37720000
56930000
76580000
129990000
74780000
73660000
296100000
306420000
299950000
135670000
35770000
138540000
284540000
39920000
276020000
322260000
299940000
250450000
213740000
25480000
278830000
304440000
118810000
319750000
46700000
288470000
223180000
180980000
219670000
315940000
35720000
60670000
51380000
309910000
17890000
12680000
144600000
265120000
183000000
168120000
84340000
16770000
175750000
46170000
218900000
470000
309900000
233400000
267050000
64840000
256430000
298140000
45640000
115000000
102980000
76820000
238750000
303700000
149230000
164980000
310510000
288640000
226770000
230230000
2600000
187640000
151170000
154670000
207700000
129190000
128550000
2970000
157270000
46650000
103000000
218880000
149690000
218130000
143980000
12440000
203590000
268500000
204560000
256050000
258100000
84280000
39130000
4200000
168820000
30320000
232660000
163870000
206310000
314640000
215010000
153800000
305850000
167020000
110730000
96530000
85940000
282270000
3880000
279540000
178020000
18660000
191680000
271470000
3710000
11370000
266330000
243120000
78620000
53200000
271010000
325550000
46850000
280860000
131170000
227410000
197630000
106480000
279320000
186670000
289530000
311460000
2130000
235940000
157070000
120750000
32660000
167290000
184820000
245080000
18020000
124940000
225710000
105060000
6980000
279550000
291440000
224440000
192240000
167780000
281010000
300310000
187400000
83030000
109250000
5280000
265590000
185890000
122700000
238490000
269120000
47880000
215630000
84000000
255410000
195140000
155050000
300440000
227110000
173750000
182840000
81060000
62580000
273970000
143940000
201590000
271230000
124150000
140960000
278220000
102580000
308730000
308760000
303960000
187060000
221050000
87950000
83870000
11430000
271410000
161390000
183880000
28390000
22770000
223720000
307520000
13960000
46820000
7710000
25850000
195290000
55840000
14470000
68680000
39390000
119990000
196150000
255220000
242420000
147120000
247070000
136310000
188480000
174540000
79710000
64900000
22090000
254580000
209250000
247270000
258680000
189640000
295550000
79050000
212890000
192070000
153550000
233960000
293230000
103410000
170490000
306340000
267840000
214260000
197860000
46110000
188220000
8690000
82580000
264110000
8000000
168040000
249850000
305030000
323620000
226080000
259220000
290400000
274010000
159370000
300120000
113470000
269190000
270910000
271480000
111600000
14050000
114250000
100900000
313300000
152810000
318880000
207950000
236380000
294110000
199840000
196470000
66550000
103710000
255020000
251000000
277610000
157170000
139650000
45390000
195010000
64230000
238150000
294090000
100530000
60020000
44310000
115850000
170890000
298070000
159440000
255350000
192640000
108120000
136270000
89840000
227550000
300950000
288850000
104490000
272380000
297550000
24150000
57410000
70560000
46090000
160190000
258270000
68620000
142480000
147790000
113430000
87310000
287510000
282510000
50960000
304980000
309790000
151380000
323060000
139910000
283010000
124130000
177810000
284510000
34690000
82860000
72770000
201420000
145410000
233550000
264350000
266580000
147990000
159610000
83800000
213740000
285840000
305380000
81130000
116560000
245930000
83730000
206710000
150310000
242520000
72530000
143990000
126230000
161000000
200360000
206000000
283660000
171920000
75460000
61640000
73030000
162810000
239520000
258090000
19330000
87220000
14820000
200890000
122420000
217040000
228690000
179400000
211360000
120650000
258050000
116120000
296720000
268260000
299550000
6250000
112100000
171560000
273880000
296460000
148680000
236140000
44130000
287960000
97260000
250650000
220850000
21810000
278290000
52560000
41880000
127160000
8380000
209980000
119150000
174990000
122220000
67330000
314680000
176290000
321430000
169160000
210280000
196610000
207900000
184240000
297410000
104470000
243470000
327190000
210810000
323820000
24890000
21050000
324030000
37490000
273900000
159910000
81680000
265450000
33170000
93450000
41670000
72700000
55380000
279860000
19250000
212020000
271820000
90950000
306280000
162550000
33960000
77200000
323410000
248130000
155460000
142780000
40270000
39030000
47240000
316860000
159860000
133650000
113970000
158680000
176160000
162180000
83440000
206040000
131630000
108790000
160150000
193720000
268430000
88070000
262170000
73260000
140170000
101800000
300570000
198690000
225360000
154580000
37000000
156220000
72740000
288350000
168280000
139140000
279580000
258990000
224270000
85920000
39210000
53400000
170890000
155360000
180430000
314930000
321460000
50210000
158280000
270940000
222180000
108020000
229430000
94960000
290270000
32170000
220850000
54030000
316720000
147760000
226850000
97110000
250660000
72540000
213540000
99420000
326430000
15000000
261500000
158660000
52090000
245340000
63980000
175000000
1820000
19160000
66850000
76930000
32530000
19240000
246210000
252480000
161110000
92750000
220430000
271030000
16230000
281160000
297230000
42850000
152030000
197120000
271170000
190840000
154690000
158070000
159660000
211040000
105840000
113810000
20650000
43720000
6300000
105600000
90870000
27150000
119450000
259930000
26210000
268420000
114650000
122490000
121580000
301480000
297660000
250700000
14960000
66930000
187030000
299670000
46830000
134600000
17140000
124440000
124150000
237140000
99240000
99610000
277250000
262000000
16670000
297720000
52490000
148170000
122180000
298130000
273580000
213790000
104690000
250860000
54750000
327240000
42460000
51870000
135170000
102820000
20710000
203400000
175010000
172350000
126250000
232730000
99470000
160060000
173880000
209170000
12430000
293380000
321840000
249570000
246390000
310940000
292600000
275310000
2530000
306650000
322370000
153900000
79710000
120270000
244970000
194600000
281840000
274910000
160990000
164910000
279400000
88900000
81060000
74130000
84980000
222230000
27900000
235620000
71250000
42210000
279950000
249460000
295780000
17540000
292010000
315230000
44130000
180980000
235460000
256870000
304780000
282120000
89180000
324820000
256840000
207140000
223560000
140190000
314580000
61270000
47300000
174010000
188260000
128920000
297660000
160240000
245440000
107550000
301020000
146190000
202880000
123840000
44210000
217560000
156350000
306680000
21990000
14100000
272130000
115080000
181350000
299150000
215620000
93540000
103020000
162340000
211150000
44100000
102630000
310740000
220920000
219840000
148810000
129480000
120400000
184240000
213010000
277810000
307020000
302930000
258960000
140200000
49010000
184550000
209790000
259780000
220140000
20070000
66730000
56990000
190660000
120680000
189850000
305240000
107640000
15870000
276290000
11180000
301110000
276020000
323220000
120420000
201870000
229420000
144970000
91880000
303720000
308380000
76130000
89330000
53480000
228310000
85500000
75960000
116590000
96090000
260290000
41170000
263240000
239060000
213210000
181890000
12250000
297380000
44090000
24690000
158810000
252390000
81070000
226290000
199130000
1540000
66850000
140500000
263930000
152490000
257940000
132020000
280080000
319340000
187270000
86720000
57070000
214960000
179420000
149720000
226500000
150080000
58190000
56210000
194830000
7270000
135730000
137050000
246440000
181580000
233750000
36440000
24910000
279340000
187520000
189830000
202240000
49860000
204630000
133310000
219010000
307530000
269550000
3260000
215960000
127280000
242510000
280610000
40100000
194800000
171530000
240270000
168910000
74910000
172520000
318090000
57260000
262690000
51340000
8630000
61300000
57210000
316670000
110490000
150170000
156650000
170110000
277250000
249080000
31620000
20500000
35240000
12150000
285990000
176700000
124550000
247110000
62210000
316800000
200370000
185690000
28070000
235350000
236660000
30920000
18820000
240490000
31060000
25940000
233240000
64440000
220700000
232590000
300330000
229560000
190930000
128910000
200220000
146050000
218870000
247570000
304980000
160280000
284460000
49200000
262970000
191290000
269740000
150890000
218590000
208640000
204790000
154720000
158690000
104080000
38170000
196630000
222220000
278180000
211830000
81770000
58200000
166780000
224540000
194640000
68470000
288030000
68240000
16260000
326630000
119910000
82920000
74920000
9540000
10300000
182490000
213750000
14250000
84930000
222910000
1620000
127710000
95370000
171400000
68880000
303540000
53630000
209670000
36360000
34610000
25190000
85130000
11060000
132850000
237500000
137040000
6400000
249720000
203530000
34650000
450000
53060000
311260000
275570000
232960000
15460000
318800000
187960000
194840000
226930000
171940000
106050000
170590000
68380000
205560000
151790000
182960000
107820000
247290000
15560000
200420000
208400000
255360000
32790000
60940000
125430000
43060000
85320000
23790000
185900000
66350000
228810000
75160000
135770000
171730000
230170000
209780000
302030000
246810000
278230000
142320000
205750000
326320000
51400000
15310000
83860000
163610000
43970000
229530000
128090000
80350000
41210000
325370000
277430000
155330000
283060000
283960000
287860000
220350000
206730000
244340000
294070000
18040000
308070000
39520000
276260000
23310000
45690000
118080000
285310000
317310000
277070000
11460000
166780000
309420000
201450000
173300000
309610000
300470000
247700000
74260000
193870000
146140000
226860000
17050000
195390000
273650000
255210000
210440000
145020000
310570000
321200000
307160000
100380000
251310000
103880000
153440000
104390000
75350000
159010000
39880000
128910000
121400000
182320000
218340000
254410000
97650000
53560000
268330000
317860000
15280000
26090000
43630000
63000000
270050000
195300000
161310000
8100000
227050000
197970000
159180000
133160000
69960000
258890000
148330000
206180000
27030000
277110000
154600000
161350000
96900000
34200000
26460000
88600000
284450000
165900000
1450000
213700000
210130000
98360000
221100000
100680000
69060000
127070000
269560000
77010000
164790000
234940000
302540000
181260000
11130000
206460000
254430000
289140000
125150000
187870000
900000
321970000
295690000
24330000
241480000
261300000
72040000
128620000
98360000
184600000
172300000
246110000
43090000
45680000
70300000
181380000
249320000
70010000
291020000
161910000
34060000
178040000
85790000
316730000
282100000
289650000
370000
222190000
98180000
250490000
7120000
286460000
67180000
250380000
92890000
26900000
90330000
146720000
199890000
254530000
245440000
201650000
185030000
287700000
175690000
7390000
299680000
158370000
212240000
74560000
233880000
243660000
62960000
236580000
175860000
94200000
238320000
250000
292760000
33090000
80910000
238420000
117210000
87870000
191090000
213890000
143830000
157210000
165870000
143770000
239240000
234380000
99140000
16620000
118550000
1770000
37060000
284190000
96430000
223020000
266120000
55210000
156920000
4070000
232180000
51440000
137480000
214150000
278790000
55210000
54480000
256510000
70870000
74750000
88790000
118580000
185830000
199460000
241870000
134070000
82880000
179250000
163950000
228600000
243200000
253900000
147670000
256560000
53540000
6720000
184460000
251560000
208790000
45000000
42930000
232030000
223090000
5080000
215850000
22890000
152710000
305800000
141270000
45500000
69410000
165020000
97930000
259940000
161570000
286210000
231560000
178030000
244660000
108280000
162880000
80120000
247640000
319350000
170720000
128330000
129200000
200020000
192020000
130480000
135060000
169130000
253610000
252100000
177840000
80640000
215850000
187710000
233920000
40120000
149380000
37890000
211010000
187690000
208090000
75880000
197740000
317740000
8670000
28380000
204560000
41980000
312280000
297530000
307090000
38640000
137200000
178090000
301250000
179050000
290070000
84180000
109000000
317280000
218780000
218270000
44030000
189550000
157390000
75400000
210190000
276800000
53930000
62570000
107920000
77260000
42370000
123590000
15390000
229810000
175520000
253830000
304420000
19790000
248070000
88890000
257800000
312650000
47830000
157940000
84630000
170130000
209250000
19610000
163970000
143610000
74850000
130950000
230070000
171560000
275440000
46050000
66240000
160560000
208920000
122500000
160850000
24200000
94310000
315160000
287860000
50340000
74910000
286470000
36170000
9470000
148890000
310920000
232960000
168340000
282230000
321720000
110480000
230000
222910000
181660000
302610000
49810000
9410000
164610000
294430000
122450000
36960000
142290000
83730000
239000000
36500000
67030000
248280000
147310000
89410000
245230000
19420000
227100000
83880000
60130000
7880000
234790000
80730000
192200000
7370000
35550000
288140000
114310000
160000000
79970000
164110000
170080000
169170000
202020000
261280000
12450000
256390000
66290000
106990000
89330000
185960000
168840000
320760000
247290000
54130000
166030000
295910000
174030000
149640000
316950000
302980000
10420000
305400000
192450000
324640000
282220000
308150000
108600000
219890000
137700000
147490000
92970000
80910000
250240000
32520000
203210000
137400000
197130000
268350000
283160000
54890000
277960000
265480000
26640000
258580000
205430000
50810000
55800000
214070000
44360000
276700000
296620000
228630000
91660000
164630000
290550000
65980000
157720000
193310000
18610000
283000000
184930000
120410000
306490000
236440000
42370000
130820000
76190000
306670000
104630000
288160000
326100000
320420000
126190000
184130000
308800000
81080000
313060000
188470000
48060000
214520000
136960000
295710000
235000000
63770000
104560000
265350000
210110000
15870000
61020000
840000
144230000
78830000
223130000
259320000
260790000
125820000
160000000
16160000
263580000
178430000
278070000
79090000
4150000
247650000
45300000
100720000
293170000
70580000
132810000
222720000
302570000
227570000
87400000
71070000
293110000
62570000
23930000
109710000
215870000
117430000
244680000
38020000
300880000
242980000
65820000
222520000
79770000
114570000
243850000
192930000
317160000
196280000
123940000
192910000
37710000
51070000
129120000
143320000
5090000
232920000
56770000
42270000
252050000
70910000
196910000
91830000
68810000
202700000
326320000
316040000
173180000
201140000
316130000
253740000
68490000
151520000
28270000
129150000
143370000
127880000
272550000
151770000
208510000
199680000
205840000
3770000
92460000
160200000
154060000
81620000
217450000
297450000
323410000
324320000
240580000
104940000
121540000
160940000
235130000
185380000
23980000
325050000
203390000
312510000
220730000
238470000
102190000
214790000
272170000
231450000
104460000
306000000
234980000
7970000
1410000
79250000
278400000
1990000
90090000
236560000
234430000
309920000
156900000
44740000
34580000
240790000
212880000
249730000
183000000
50640000
246540000
90670000
269300000
38260000
28520000
56750000
241770000
207340000
166200000
238930000
150230000
259400000
199590000
21180000
130280000
173760000
179450000
104530000
270350000
155650000
208260000
156700000
167120000
208800000
125260000
289590000
104600000
79770000
42000000
312740000
57830000
157810000
305060000
49870000
95010000
145680000
281920000
237140000
17410000
17050000
116940000
81300000
172300000
76140000
265980000
171390000
295460000
47620000
7670000
268540000
284480000
238280000
225300000
12240000
86920000
111140000
188870000
259600000
311140000
262450000
184640000
316430000
88190000
193260000
49480000
245440000
18630000
159700000
214550000
233600000
179080000
148980000
230630000
305840000
39250000
5580000
69140000
231300000
94790000
308030000
153990000
287850000
270000000
156510000
175540000
109800000
138880000
319080000
178520000
216600000
278290000
32430000
42820000
170650000
298810000
164740000
193800000
255700000
76390000
53520000
316410000
296440000
57750000
70720000
220330000
216940000
281410000
177090000
285950000
218260000
213450000
292040000
67770000
257890000
22500000
277780000
21600000
315710000
150600000
121040000
17160000
145970000
131880000
77160000
257560000
280000
69290000
49300000
233460000
37870000
150940000
261140000
22780000
235680000
305330000
202200000
218910000
153230000
292460000
197780000
210890000
36980000
36160000
289000000
273570000
325320000
167030000
119620000
309820000
55960000
287590000
85410000
47610000
84250000
171840000
234150000
87520000
145240000
100180000
120930000
83740000
255690000
298990000
38970000
7980000
76340000
273270000
277250000
123720000
176880000
295510000
135570000
49800000
134910000
268610000
229880000
77390000
32600000
191990000
315700000
204110000
282330000
70260000
94520000
49460000
119210000
216800000
146360000
30360000
177450000
119250000
295230000
79760000
313420000
95990000
87240000
219290000
58510000
306280000
326670000
251980000
73570000
32410000
191500000
264520000
191490000
316000000
14910000
188110000
284140000
87530000
322100000
107420000
195530000
12280000
327640000
222150000
62130000
259490000
245240000
184420000
211540000
192170000
129400000
321120000
321840000
274490000
256280000
204630000
309630000
103970000
22870000
30000000
7860000
74430000
44380000
262180000
101200000
249120000
168970000
96050000
69460000
17890000
55700000
23370000
194350000
309900000
277970000
201920000
103170000
139030000
112300000
248650000
249520000
67190000
132970000
16540000
115280000
102740000
201830000
95610000
189130000
31540000
318240000
286980000
195500000
183900000
161480000
33560000
301240000
149010000
203180000
39050000
67680000
321400000
221870000
211550000
237280000
186550000
63350000
44850000
156000000
196290000
117540000
178010000
180750000
158150000
129370000
105310000
234610000
6100000
40470000
279810000
254550000
136740000
168380000
305880000
248110000
297210000
160160000
153150000
133120000
106970000
253310000
19430000
26080000
199740000
20690000
204520000
170160000
186640000
98590000
226860000
185510000
290870000
108720000
183450000
109630000
233760000
239010000
308130000
288890000
256320000
21880000
90120000
295390000
149900000
136570000
117180000
156150000
197170000
118590000
140720000
136450000
224490000
96710000
131680000
70810000
11710000
96060000
118520000
53860000
209440000
112400000
5310000
207780000
128790000
66730000
76590000
27920000
72980000
223870000
110210000
266020000
316200000
201160000
98470000
316220000
139250000
100020000
171200000
288990000
168340000
248040000
99690000
82830000
285680000
135380000
234740000
51560000
290170000
